202 202
10 10 10 10 10 10 10 10 10 10 10 10 10 10 10 10 10 10 10 10 10 10 10 10 10 10 10 10 10 10 10 10 10 10 10 10 10 10 10 10 10 10 10 10 10 10 10 10 10 10 10 10 10 10 10 10 10 10 10 10 10 10 10 10 10 10 10 10 10 10 10 10 10 10 10 10 10 10 10 10 10 10 10 10 10 10 10 10 10 10 10 10 10 10 10 10 10 10 10 10 10 10 10 10 10 10 10 10 10 10 10 10 10 10 10 10 10 10 10 10 10 10 10 10 10 10 10 10 10 10 10 10 10 10 10 10 10 10 10 10 10 10 10 10 10 10 10 10 10 10 10 10 10 10 10 10 10 10 10 10 10 10 10 10 10 10 10 10 10 10 10 10 10 10 10 10 10 10 10 10 10 10 10 10 10 10 10 10 10 10 10 10 10 10 10 10 10 10 10 10 10 10
10 9.99882 9.99763 9.99645 9.99526 9.99408 9.9929 9.99172 9.99055 9.98937 9.9882 9.98703 9.98587 9.98471 9.98355 9.9824 9.98125 9.9801 9.97897 9.97783 9.97671 9.97558 9.97447 9.97336 9.97226 9.97116 9.97008 9.969 9.96793 9.96686 9.96581 9.96476 9.96372 9.9627 9.96168 9.96067 9.95967 9.95868 9.9577 9.95674 9.95578 9.95483 9.9539 9.95298 9.95207 9.95117 9.95028 9.94941 9.94855 9.9477 9.94686 9.94604 9.94523 9.94444 9.94366 9.94289 9.94214 9.9414 9.94067 9.93996 9.93927 9.93859 9.93792 9.93727 9.93664 9.93602 9.93542 9.93483 9.93426 9.9337 9.93317 9.93264 9.93214 9.93165 9.93117 9.93072 9.93028 9.92985 9.92945 9.92906 9.92869 9.92833 9.928 9.92768 9.92737 9.92709 9.92682 9.92657 9.92634 9.92612 9.92593 9.92575 9.92559 9.92544 9.92532 9.92521 9.92512 9.92505 9.92499 9.92496 9.92494 9.92494 9.92496 9.92499 9.92505 9.92512 9.92521 9.92532 9.92544 9.92559 9.92575 9.92593 9.92612 9.92634 9.92657 9.92682 9.92709 9.92737 9.92768 9.928 9.92833 9.92869 9.92906 9.92945 9.92985 9.93028 9.93072 9.93117 9.93165 9.93214 9.93264 9.93317 9.9337 9.93426 9.93483 9.93542 9.93602 9.93664 9.93727 9.93792 9.93859 9.93927 9.93996 9.94067 9.9414 9.94214 9.94289 9.94366 9.94444 9.94523 9.94604 9.94686 9.9477 9.94855 9.94941 9.95028 9.95117 9.95207 9.95298 9.9539 9.95483 9.95578 9.95674 9.9577 9.95868 9.95967 9.96067 9.96168 9.9627 9.96372 9.96476 9.96581 9.96686 9.96793 9.969 9.97008 9.97116 9.97226 9.97336 9.97447 9.97558 9.97671 9.97783 9.97897 9.9801 9.98125 9.9824 9.98355 9.98471 9.98587 9.98703 9.9882 9.98937 9.99055 9.99172 9.9929 9.99408 9.99526 9.99645 9.99763 9.99882 10
10 9.99763 9.99526 9.99289 9.99053 9.98816 9.9858 9.98345 9.98109 9.97875 9.9764 9.97407 9.97174 9.96942 9.9671 9.9648 9.9625 9.96021 9.95794 9.95567 9.95342 9.95117 9.94894 9.94673 9.94452 9.94234 9.94016 9.938 9.93586 9.93373 9.93162 9.92953 9.92746 9.9254 9.92336 9.92135 9.91935 9.91737 9.91542 9.91348 9.91157 9.90968 9.90781 9.90597 9.90415 9.90235 9.90058 9.89883 9.89711 9.89541 9.89374 9.8921 9.89048 9.88889 9.88733 9.88579 9.88429 9.88281 9.88136 9.87994 9.87855 9.87719 9.87586 9.87456 9.8733 9.87206 9.87085 9.86968 9.86854 9.86743 9.86635 9.8653 9.86429 9.86331 9.86236 9.86145 9.86057 9.85973 9.85891 9.85814 9.85739 9.85668 9.85601 9.85537 9.85477 9.8542 9.85366 9.85316 9.8527 9.85227 9.85187 9.85152 9.85119 9.85091 9.85066 9.85044 9.85026 9.85012 9.85001 9.84994 9.8499 9.8499 9.84994 9.85001 9.85012 9.85026 9.85044 9.85066 9.85091 9.85119 9.85152 9.85187 9.85227 9.8527 9.85316 9.85366 9.8542 9.85477 9.85537 9.85601 9.85668 9.85739 9.85814 9.85891 9.85973 9.86057 9.86145 9.86236 9.86331 9.86429 9.8653 9.86635 9.86743 9.86854 9.86968 9.87085 9.87206 9.8733 9.87456 9.87586 9.87719 9.87855 9.87994 9.88136 9.88281 9.88429 9.88579 9.88733 9.88889 9.89048 9.8921 9.89374 9.89541 9.89711 9.89883 9.90058 9.90235 9.90415 9.90597 9.90781 9.90968 9.91157 9.91348 9.91542 9.91737 9.91935 9.92135 9.92336 9.9254 9.92746 9.92953 9.93162 9.93373 9.93586 9.938 9.94016 9.94234 9.94452 9.94673 9.94894 9.95117 9.95342 9.95567 9.95794 9.96021 9.9625 9.9648 9.9671 9.96942 9.97174 9.97407 9.9764 9.97875 9.98109 9.98345 9.9858 9.98816 9.99053 9.99289 9.99526 9.99763 10
10 9.99645 9.99289 9.98934 9.98579 9.98225 9.97871 9.97518 9.97165 9.96813 9.96461 9.96111 9.95762 9.95414 9.95067 9.94721 9.94376 9.94033 9.93692 9.93352 9.93014 9.92678 9.92343 9.92011 9.91681 9.91352 9.91026 9.90702 9.90381 9.90062 9.89746 9.89432 9.89121 9.88813 9.88507 9.88205 9.87905 9.87609 9.87315 9.87025 9.86738 9.86455 9.86175 9.85898 9.85625 9.85355 9.8509 9.84828 9.84569 9.84315 9.84064 9.83818 9.83575 9.83337 9.83103 9.82873 9.82647 9.82425 9.82208 9.81995 9.81787 9.81583 9.81383 9.81189 9.80999 9.80813 9.80632 9.80456 9.80285 9.80118 9.79957 9.798 9.79648 9.79501 9.79359 9.79222 9.7909 9.78964 9.78842 9.78725 9.78614 9.78507 9.78406 9.7831 9.7822 9.78134 9.78054 9.77979 9.77909 9.77845 9.77786 9.77732 9.77684 9.77641 9.77603 9.77571 9.77544 9.77522 9.77506 9.77495 9.7749 9.7749 9.77495 9.77506 9.77522 9.77544 9.77571 9.77603 9.77641 9.77684 9.77732 9.77786 9.77845 9.77909 9.77979 9.78054 9.78134 9.7822 9.7831 9.78406 9.78507 9.78614 9.78725 9.78842 9.78964 9.7909 9.79222 9.79359 9.79501 9.79648 9.798 9.79957 9.80118 9.80285 9.80456 9.80632 9.80813 9.80999 9.81189 9.81383 9.81583 9.81787 9.81995 9.82208 9.82425 9.82647 9.82873 9.83103 9.83337 9.83575 9.83818 9.84064 9.84315 9.84569 9.84828 9.8509 9.85355 9.85625 9.85898 9.86175 9.86455 9.86738 9.87025 9.87315 9.87609 9.87905 9.88205 9.88507 9.88813 9.89121 9.89432 9.89746 9.90062 9.90381 9.90702 9.91026 9.91352 9.91681 9.92011 9.92343 9.92678 9.93014 9.93352 9.93692 9.94033 9.94376 9.94721 9.95067 9.95414 9.95762 9.96111 9.96461 9.96813 9.97165 9.97518 9.97871 9.98225 9.98579 9.98934 9.99289 9.99645 10
10 9.99526 9.99053 9.98579 9.98106 9.97634 9.97162 9.96691 9.96221 9.95752 9.95283 9.94816 9.94351 9.93887 9.93424 9.92963 9.92504 9.92047 9.91592 9.91139 9.90688 9.9024 9.89794 9.89351 9.88911 9.88473 9.88039 9.87607 9.87179 9.86754 9.86332 9.85914 9.85499 9.85088 9.84681 9.84278 9.83878 9.83483 9.83092 9.82705 9.82323 9.81945 9.81572 9.81203 9.80839 9.8048 9.80125 9.79776 9.79432 9.79093 9.78759 9.7843 9.78107 9.77789 9.77477 9.7717 9.76869 9.76574 9.76284 9.76001 9.75723 9.75451 9.75185 9.74926 9.74672 9.74425 9.74184 9.73949 9.73721 9.73499 9.73284 9.73075 9.72872 9.72676 9.72487 9.72305 9.72129 9.7196 9.71798 9.71642 9.71494 9.71352 9.71217 9.71089 9.70968 9.70854 9.70747 9.70647 9.70555 9.70469 9.7039 9.70319 9.70254 9.70197 9.70147 9.70103 9.70068 9.70039 9.70017 9.70003 9.69996 9.69996 9.70003 9.70017 9.70039 9.70068 9.70103 9.70147 9.70197 9.70254 9.70319 9.7039 9.70469 9.70555 9.70647 9.70747 9.70854 9.70968 9.71089 9.71217 9.71352 9.71494 9.71642 9.71798 9.7196 9.72129 9.72305 9.72487 9.72676 9.72872 9.73075 9.73284 9.73499 9.73721 9.73949 9.74184 9.74425 9.74672 9.74926 9.75185 9.75451 9.75723 9.76001 9.76284 9.76574 9.76869 9.7717 9.77477 9.77789 9.78107 9.7843 9.78759 9.79093 9.79432 9.79776 9.80125 9.8048 9.80839 9.81203 9.81572 9.81945 9.82323 9.82705 9.83092 9.83483 9.83878 9.84278 9.84681 9.85088 9.85499 9.85914 9.86332 9.86754 9.87179 9.87607 9.88039 9.88473 9.88911 9.89351 9.89794 9.9024 9.90688 9.91139 9.91592 9.92047 9.92504 9.92963 9.93424 9.93887 9.94351 9.94816 9.95283 9.95752 9.96221 9.96691 9.97162 9.97634 9.98106 9.98579 9.99053 9.99526 10
10 9.99408 9.98816 9.98225 9.97634 9.97044 9.96454 9.95865 9.95278 9.94691 9.94106 9.93523 9.92941 9.92361 9.91783 9.91207 9.90634 9.90063 9.89494 9.88928 9.88365 9.87805 9.87248 9.86694 9.86144 9.85597 9.85054 9.84515 9.8398 9.83448 9.82921 9.82399 9.81881 9.81367 9.80859 9.80355 9.79856 9.79362 9.78873 9.7839 9.77912 9.7744 9.76974 9.76513 9.76058 9.75609 9.75166 9.7473 9.743 9.73876 9.73459 9.73048 9.72644 9.72247 9.71857 9.71474 9.71098 9.70729 9.70367 9.70013 9.69665 9.69326 9.68994 9.68669 9.68353 9.68044 9.67743 9.67449 9.67164 9.66887 9.66617 9.66356 9.66103 9.65859 9.65622 9.65394 9.65175 9.64963 9.64761 9.64566 9.64381 9.64204 9.64035 9.63875 9.63724 9.63582 9.63448 9.63324 9.63208 9.631 9.63002 9.62913 9.62832 9.6276 9.62698 9.62644 9.62599 9.62563 9.62536 9.62518 9.62509 9.62509 9.62518 9.62536 9.62563 9.62599 9.62644 9.62698 9.6276 9.62832 9.62913 9.63002 9.631 9.63208 9.63324 9.63448 9.63582 9.63724 9.63875 9.64035 9.64204 9.64381 9.64566 9.64761 9.64963 9.65175 9.65394 9.65622 9.65859 9.66103 9.66356 9.66617 9.66887 9.67164 9.67449 9.67743 9.68044 9.68353 9.68669 9.68994 9.69326 9.69665 9.70013 9.70367 9.70729 9.71098 9.71474 9.71857 9.72247 9.72644 9.73048 9.73459 9.73876 9.743 9.7473 9.75166 9.75609 9.76058 9.76513 9.76974 9.7744 9.77912 9.7839 9.78873 9.79362 9.79856 9.80355 9.80859 9.81367 9.81881 9.82399 9.82921 9.83448 9.8398 9.84515 9.85054 9.85597 9.86144 9.86694 9.87248 9.87805 9.88365 9.88928 9.89494 9.90063 9.90634 9.91207 9.91783 9.92361 9.92941 9.93523 9.94106 9.94691 9.95278 9.95865 9.96454 9.97044 9.97634 9.98225 9.98816 9.99408 10
10 9.9929 9.9858 9.97871 9.97162 9.96454 9.95747 9.95041 9.94336 9.93633 9.92931 9.92231 9.91533 9.90838 9.90145 9.89454 9.88766 9.88081 9.87399 9.8672 9.86044 9.85373 9.84705 9.8404 9.8338 9.82725 9.82073 9.81427 9.80785 9.80148 9.79515 9.78889 9.78267 9.77651 9.77041 9.76437 9.75838 9.75246 9.7466 9.7408 9.73507 9.72941 9.72381 9.71829 9.71283 9.70745 9.70214 9.6969 9.69174 9.68666 9.68166 9.67673 9.67189 9.66713 9.66245 9.65785 9.65334 9.64891 9.64457 9.64032 9.63616 9.63209 9.6281 9.62421 9.62041 9.61671 9.61309 9.60958 9.60615 9.60283 9.5996 9.59647 9.59343 9.5905 9.58766 9.58493 9.58229 9.57976 9.57733 9.575 9.57277 9.57065 9.56863 9.56671 9.5649 9.56319 9.56159 9.56009 9.5587 9.55741 9.55623 9.55516 9.5542 9.55334 9.55258 9.55194 9.5514 9.55097 9.55065 9.55043 9.55033 9.55033 9.55043 9.55065 9.55097 9.5514 9.55194 9.55258 9.55334 9.5542 9.55516 9.55623 9.55741 9.5587 9.56009 9.56159 9.56319 9.5649 9.56671 9.56863 9.57065 9.57277 9.575 9.57733 9.57976 9.58229 9.58493 9.58766 9.5905 9.59343 9.59647 9.5996 9.60283 9.60615 9.60958 9.61309 9.61671 9.62041 9.62421 9.6281 9.63209 9.63616 9.64032 9.64457 9.64891 9.65334 9.65785 9.66245 9.66713 9.67189 9.67673 9.68166 9.68666 9.69174 9.6969 9.70214 9.70745 9.71283 9.71829 9.72381 9.72941 9.73507 9.7408 9.7466 9.75246 9.75838 9.76437 9.77041 9.77651 9.78267 9.78889 9.79515 9.80148 9.80785 9.81427 9.82073 9.82725 9.8338 9.8404 9.84705 9.85373 9.86044 9.8672 9.87399 9.88081 9.88766 9.89454 9.90145 9.90838 9.91533 9.92231 9.92931 9.93633 9.94336 9.95041 9.95747 9.96454 9.97162 9.97871 9.9858 9.9929 10
10 9.99172 9.98345 9.97518 9.96691 9.95865 9.95041 9.94218 9.93396 9.92576 9.91758 9.90942 9.90128 9.89317 9.88508 9.87703 9.86901 9.86102 9.85307 9.84515 9.83728 9.82944 9.82165 9.81391 9.80621 9.79857 9.79097 9.78343 9.77595 9.76852 9.76115 9.75384 9.74659 9.73941 9.7323 9.72525 9.71827 9.71137 9.70453 9.69777 9.69109 9.68449 9.67796 9.67152 9.66516 9.65888 9.65269 9.64659 9.64057 9.63464 9.62881 9.62307 9.61742 9.61186 9.60641 9.60105 9.59579 9.59063 9.58557 9.58061 9.57576 9.57101 9.56636 9.56183 9.5574 9.55308 9.54886 9.54476 9.54077 9.53689 9.53313 9.52948 9.52594 9.52252 9.51921 9.51602 9.51295 9.51 9.50716 9.50444 9.50185 9.49937 9.49701 9.49478 9.49267 9.49068 9.48881 9.48706 9.48544 9.48394 9.48256 9.48131 9.48019 9.47919 9.47831 9.47756 9.47693 9.47643 9.47605 9.4758 9.47567 9.47567 9.4758 9.47605 9.47643 9.47693 9.47756 9.47831 9.47919 9.48019 9.48131 9.48256 9.48394 9.48544 9.48706 9.48881 9.49068 9.49267 9.49478 9.49701 9.49937 9.50185 9.50444 9.50716 9.51 9.51295 9.51602 9.51921 9.52252 9.52594 9.52948 9.53313 9.53689 9.54077 9.54476 9.54886 9.55308 9.5574 9.56183 9.56636 9.57101 9.57576 9.58061 9.58557 9.59063 9.59579 9.60105 9.60641 9.61186 9.61742 9.62307 9.62881 9.63464 9.64057 9.64659 9.65269 9.65888 9.66516 9.67152 9.67796 9.68449 9.69109 9.69777 9.70453 9.71137 9.71827 9.72525 9.7323 9.73941 9.74659 9.75384 9.76115 9.76852 9.77595 9.78343 9.79097 9.79857 9.80621 9.81391 9.82165 9.82944 9.83728 9.84515 9.85307 9.86102 9.86901 9.87703 9.88508 9.89317 9.90128 9.90942 9.91758 9.92576 9.93396 9.94218 9.95041 9.95865 9.96691 9.97518 9.98345 9.99172 10
10 9.99055 9.98109 9.97165 9.96221 9.95278 9.94336 9.93396 9.92457 9.91521 9.90586 9.89654 9.88725 9.87799 9.86875 9.85955 9.85039 9.84127 9.83218 9.82315 9.81415 9.8052 9.79631 9.78746 9.77867 9.76994 9.76127 9.75265 9.7441 9.73562 9.7272 9.71886 9.71058 9.70238 9.69425 9.6862 9.67823 9.67035 9.66254 9.65482 9.64719 9.63965 9.6322 9.62484 9.61757 9.6104 9.60333 9.59636 9.58949 9.58272 9.57606 9.5695 9.56305 9.5567 9.55047 9.54435 9.53834 9.53245 9.52667 9.52101 9.51546 9.51004 9.50474 9.49955 9.49449 9.48956 9.48475 9.48006 9.47551 9.47108 9.46678 9.46261 9.45857 9.45466 9.45088 9.44724 9.44373 9.44036 9.43712 9.43402 9.43105 9.42822 9.42553 9.42298 9.42057 9.41829 9.41616 9.41416 9.41231 9.4106 9.40903 9.4076 9.40631 9.40517 9.40417 9.40331 9.40259 9.40202 9.40159 9.4013 9.40116 9.40116 9.4013 9.40159 9.40202 9.40259 9.40331 9.40417 9.40517 9.40631 9.4076 9.40903 9.4106 9.41231 9.41416 9.41616 9.41829 9.42057 9.42298 9.42553 9.42822 9.43105 9.43402 9.43712 9.44036 9.44373 9.44724 9.45088 9.45466 9.45857 9.46261 9.46678 9.47108 9.47551 9.48006 9.48475 9.48956 9.49449 9.49955 9.50474 9.51004 9.51546 9.52101 9.52667 9.53245 9.53834 9.54435 9.55047 9.5567 9.56305 9.5695 9.57606 9.58272 9.58949 9.59636 9.60333 9.6104 9.61757 9.62484 9.6322 9.63965 9.64719 9.65482 9.66254 9.67035 9.67823 9.6862 9.69425 9.70238 9.71058 9.71886 9.7272 9.73562 9.7441 9.75265 9.76127 9.76994 9.77867 9.78746 9.79631 9.8052 9.81415 9.82315 9.83218 9.84127 9.85039 9.85955 9.86875 9.87799 9.88725 9.89654 9.90586 9.91521 9.92457 9.93396 9.94336 9.95278 9.96221 9.97165 9.98109 9.99055 10
10 9.98937 9.97875 9.96813 9.95752 9.94691 9.93633 9.92576 9.91521 9.90468 9.89417 9.8837 9.87325 9.86283 9.85246 9.84211 9.83181 9.82156 9.81135 9.80118 9.79107 9.78102 9.77101 9.76107 9.75119 9.74137 9.73162 9.72194 9.71233 9.70279 9.69333 9.68394 9.67464 9.66542 9.65629 9.64724 9.63828 9.62941 9.62064 9.61196 9.60338 9.5949 9.58652 9.57825 9.57008 9.56203 9.55408 9.54624 9.53851 9.53091 9.52341 9.51604 9.50879 9.50166 9.49465 9.48777 9.48102 9.47439 9.46789 9.46153 9.4553 9.4492 9.44324 9.43741 9.43172 9.42618 9.42077 9.4155 9.41038 9.4054 9.40057 9.39588 9.39134 9.38694 9.3827 9.3786 9.37466 9.37086 9.36722 9.36374 9.3604 9.35722 9.3542 9.35133 9.34861 9.34606 9.34366 9.34142 9.33933 9.33741 9.33564 9.33404 9.33259 9.33131 9.33018 9.32921 9.32841 9.32776 9.32728 9.32696 9.3268 9.3268 9.32696 9.32728 9.32776 9.32841 9.32921 9.33018 9.33131 9.33259 9.33404 9.33564 9.33741 9.33933 9.34142 9.34366 9.34606 9.34861 9.35133 9.3542 9.35722 9.3604 9.36374 9.36722 9.37086 9.37466 9.3786 9.3827 9.38694 9.39134 9.39588 9.40057 9.4054 9.41038 9.4155 9.42077 9.42618 9.43172 9.43741 9.44324 9.4492 9.4553 9.46153 9.46789 9.47439 9.48102 9.48777 9.49465 9.50166 9.50879 9.51604 9.52341 9.53091 9.53851 9.54624 9.55408 9.56203 9.57008 9.57825 9.58652 9.5949 9.60338 9.61196 9.62064 9.62941 9.63828 9.64724 9.65629 9.66542 9.67464 9.68394 9.69333 9.70279 9.71233 9.72194 9.73162 9.74137 9.75119 9.76107 9.77101 9.78102 9.79107 9.80118 9.81135 9.82156 9.83181 9.84211 9.85246 9.86283 9.87325 9.8837 9.89417 9.90468 9.91521 9.92576 9.93633 9.94691 9.95752 9.96813 9.97875 9.98937 10
10 9.9882 9.9764 9.96461 9.95283 9.94106 9.92931 9.91758 9.90586 9.89417 9.88251 9.87088 9.85928 9.84772 9.8362 9.82472 9.81328 9.80189 9.79056 9.77927 9.76805 9.75688 9.74578 9.73474 9.72377 9.71287 9.70205 9.6913 9.68063 9.67004 9.65953 9.64912 9.63879 9.62855 9.61841 9.60836 9.59842 9.58857 9.57883 9.5692 9.55967 9.55026 9.54096 9.53178 9.52271 9.51376 9.50494 9.49623 9.48766 9.47921 9.47089 9.46271 9.45466 9.44674 9.43896 9.43132 9.42382 9.41647 9.40926 9.40219 9.39527 9.3885 9.38188 9.37541 9.3691 9.36294 9.35694 9.35109 9.3454 9.33987 9.33451 9.3293 9.32426 9.31938 9.31467 9.31012 9.30574 9.30153 9.29749 9.29362 9.28992 9.28639 9.28303 9.27984 9.27683 9.27399 9.27133 9.26884 9.26653 9.26439 9.26243 9.26065 9.25904 9.25762 9.25637 9.25529 9.2544 9.25368 9.25315 9.25279 9.25261 9.25261 9.25279 9.25315 9.25368 9.2544 9.25529 9.25637 9.25762 9.25904 9.26065 9.26243 9.26439 9.26653 9.26884 9.27133 9.27399 9.27683 9.27984 9.28303 9.28639 9.28992 9.29362 9.29749 9.30153 9.30574 9.31012 9.31467 9.31938 9.32426 9.3293 9.33451 9.33987 9.3454 9.35109 9.35694 9.36294 9.3691 9.37541 9.38188 9.3885 9.39527 9.40219 9.40926 9.41647 9.42382 9.43132 9.43896 9.44674 9.45466 9.46271 9.47089 9.47921 9.48766 9.49623 9.50494 9.51376 9.52271 9.53178 9.54096 9.55026 9.55967 9.5692 9.57883 9.58857 9.59842 9.60836 9.61841 9.62855 9.63879 9.64912 9.65953 9.67004 9.68063 9.6913 9.70205 9.71287 9.72377 9.73474 9.74578 9.75688 9.76805 9.77927 9.79056 9.80189 9.81328 9.82472 9.8362 9.84772 9.85928 9.87088 9.88251 9.89417 9.90586 9.91758 9.92931 9.94106 9.95283 9.96461 9.9764 9.9882 10
10 9.98703 9.97407 9.96111 9.94816 9.93523 9.92231 9.90942 9.89654 9.8837 9.87088 9.8581 9.84535 9.83264 9.81998 9.80736 9.79479 9.78228 9.76982 9.75742 9.74509 9.73281 9.72061 9.70848 9.69642 9.68445 9.67255 9.66074 9.64901 9.63737 9.62583 9.61438 9.60303 9.59178 9.58063 9.56959 9.55866 9.54784 9.53714 9.52655 9.51608 9.50573 9.49551 9.48542 9.47545 9.46562 9.45592 9.44636 9.43694 9.42765 9.41851 9.40951 9.40067 9.39197 9.38342 9.37502 9.36678 9.3587 9.35077 9.343 9.3354 9.32796 9.32069 9.31358 9.30664 9.29987 9.29327 9.28685 9.2806 9.27452 9.26862 9.2629 9.25736 9.252 9.24682 9.24182 9.23701 9.23238 9.22794 9.22369 9.21962 9.21574 9.21205 9.20855 9.20524 9.20212 9.19919 9.19645 9.19391 9.19157 9.18941 9.18745 9.18569 9.18412 9.18274 9.18156 9.18058 9.1798 9.17921 9.17881 9.17862 9.17862 9.17881 9.17921 9.1798 9.18058 9.18156 9.18274 9.18412 9.18569 9.18745 9.18941 9.19157 9.19391 9.19645 9.19919 9.20212 9.20524 9.20855 9.21205 9.21574 9.21962 9.22369 9.22794 9.23238 9.23701 9.24182 9.24682 9.252 9.25736 9.2629 9.26862 9.27452 9.2806 9.28685 9.29327 9.29987 9.30664 9.31358 9.32069 9.32796 9.3354 9.343 9.35077 9.3587 9.36678 9.37502 9.38342 9.39197 9.40067 9.40951 9.41851 9.42765 9.43694 9.44636 9.45592 9.46562 9.47545 9.48542 9.49551 9.50573 9.51608 9.52655 9.53714 9.54784 9.55866 9.56959 9.58063 9.59178 9.60303 9.61438 9.62583 9.63737 9.64901 9.66074 9.67255 9.68445 9.69642 9.70848 9.72061 9.73281 9.74509 9.75742 9.76982 9.78228 9.79479 9.80736 9.81998 9.83264 9.84535 9.8581 9.87088 9.8837 9.89654 9.90942 9.92231 9.93523 9.94816 9.96111 9.97407 9.98703 10
10 9.98587 9.97174 9.95762 9.94351 9.92941 9.91533 9.90128 9.88725 9.87325 9.85928 9.84535 9.83146 9.81761 9.80381 9.79006 9.77636 9.76272 9.74915 9.73563 9.72219 9.70881 9.69552 9.68229 9.66916 9.6561 9.64314 9.63026 9.61748 9.6048 9.59222 9.57974 9.56737 9.55511 9.54296 9.53093 9.51902 9.50722 9.49556 9.48402 9.47261 9.46134 9.4502 9.4392 9.42834 9.41762 9.40705 9.39663 9.38636 9.37624 9.36628 9.35647 9.34683 9.33735 9.32803 9.31888 9.3099 9.30109 9.29245 9.28399 9.2757 9.26759 9.25967 9.25192 9.24436 9.23698 9.22979 9.22279 9.21597 9.20935 9.20292 9.19669 9.19065 9.18481 9.17917 9.17372 9.16848 9.16343 9.15859 9.15395 9.14952 9.14529 9.14127 9.13745 9.13385 9.13045 9.12726 9.12428 9.12151 9.11895 9.1166 9.11446 9.11254 9.11083 9.10933 9.10805 9.10698 9.10612 9.10548 9.10505 9.10484 9.10484 9.10505 9.10548 9.10612 9.10698 9.10805 9.10933 9.11083 9.11254 9.11446 9.1166 9.11895 9.12151 9.12428 9.12726 9.13045 9.13385 9.13745 9.14127 9.14529 9.14952 9.15395 9.15859 9.16343 9.16848 9.17372 9.17917 9.18481 9.19065 9.19669 9.20292 9.20935 9.21597 9.22279 9.22979 9.23698 9.24436 9.25192 9.25967 9.26759 9.2757 9.28399 9.29245 9.30109 9.3099 9.31888 9.32803 9.33735 9.34683 9.35647 9.36628 9.37624 9.38636 9.39663 9.40705 9.41762 9.42834 9.4392 9.4502 9.46134 9.47261 9.48402 9.49556 9.50722 9.51902 9.53093 9.54296 9.55511 9.56737 9.57974 9.59222 9.6048 9.61748 9.63026 9.64314 9.6561 9.66916 9.68229 9.69552 9.70881 9.72219 9.73563 9.74915 9.76272 9.77636 9.79006 9.80381 9.81761 9.83146 9.84535 9.85928 9.87325 9.88725 9.90128 9.91533 9.92941 9.94351 9.95762 9.97174 9.98587 10
10 9.98471 9.96942 9.95414 9.93887 9.92361 9.90838 9.89317 9.87799 9.86283 9.84772 9.83264 9.81761 9.80262 9.78769 9.77281 9.75799 9.74323 9.72853 9.71391 9.69936 9.68489 9.6705 9.65619 9.64197 9.62785 9.61381 9.59988 9.58605 9.57233 9.55871 9.54521 9.53182 9.51855 9.50541 9.49239 9.4795 9.46674 9.45411 9.44163 9.42928 9.41708 9.40502 9.39312 9.38137 9.36977 9.35833 9.34705 9.33594 9.32499 9.31421 9.3036 9.29316 9.2829 9.27282 9.26292 9.2532 9.24367 9.23432 9.22516 9.21619 9.20742 9.19884 9.19045 9.18227 9.17429 9.16651 9.15893 9.15156 9.14439 9.13743 9.13069 9.12415 9.11783 9.11172 9.10583 9.10015 9.0947 9.08946 9.08444 9.07964 9.07506 9.07071 9.06658 9.06268 9.059 9.05555 9.05232 9.04933 9.04656 9.04402 9.0417 9.03962 9.03777 9.03615 9.03476 9.0336 9.03268 9.03198 9.03152 9.03129 9.03129 9.03152 9.03198 9.03268 9.0336 9.03476 9.03615 9.03777 9.03962 9.0417 9.04402 9.04656 9.04933 9.05232 9.05555 9.059 9.06268 9.06658 9.07071 9.07506 9.07964 9.08444 9.08946 9.0947 9.10015 9.10583 9.11172 9.11783 9.12415 9.13069 9.13743 9.14439 9.15156 9.15893 9.16651 9.17429 9.18227 9.19045 9.19884 9.20742 9.21619 9.22516 9.23432 9.24367 9.2532 9.26292 9.27282 9.2829 9.29316 9.3036 9.31421 9.32499 9.33594 9.34705 9.35833 9.36977 9.38137 9.39312 9.40502 9.41708 9.42928 9.44163 9.45411 9.46674 9.4795 9.49239 9.50541 9.51855 9.53182 9.54521 9.55871 9.57233 9.58605 9.59988 9.61381 9.62785 9.64197 9.65619 9.6705 9.68489 9.69936 9.71391 9.72853 9.74323 9.75799 9.77281 9.78769 9.80262 9.81761 9.83264 9.84772 9.86283 9.87799 9.89317 9.90838 9.92361 9.93887 9.95414 9.96942 9.98471 10
10 9.98355 9.9671 9.95067 9.93424 9.91783 9.90145 9.88508 9.86875 9.85246 9.8362 9.81998 9.80381 9.78769 9.77162 9.75562 9.73967 9.7238 9.70799 9.69226 9.67661 9.66105 9.64557 9.63018 9.61488 9.59969 9.58459 9.56961 9.55473 9.53997 9.52532 9.51079 9.49639 9.48212 9.46798 9.45398 9.44011 9.42639 9.41281 9.39937 9.38609 9.37297 9.36 9.3472 9.33456 9.32208 9.30978 9.29765 9.28569 9.27391 9.26232 9.2509 9.23968 9.22864 9.2178 9.20715 9.19669 9.18644 9.17638 9.16653 9.15688 9.14744 9.13822 9.1292 9.1204 9.11181 9.10344 9.09529 9.08736 9.07965 9.07217 9.06491 9.05788 9.05108 9.04451 9.03817 9.03206 9.02619 9.02056 9.01516 9.01 9.00508 9.00039 8.99595 8.99175 8.9878 8.98408 8.98061 8.97739 8.97441 8.97168 8.96919 8.96695 8.96496 8.96322 8.96172 8.96048 8.95948 8.95873 8.95823 8.95798 8.95798 8.95823 8.95873 8.95948 8.96048 8.96172 8.96322 8.96496 8.96695 8.96919 8.97168 8.97441 8.97739 8.98061 8.98408 8.9878 8.99175 8.99595 9.00039 9.00508 9.01 9.01516 9.02056 9.02619 9.03206 9.03817 9.04451 9.05108 9.05788 9.06491 9.07217 9.07965 9.08736 9.09529 9.10344 9.11181 9.1204 9.1292 9.13822 9.14744 9.15688 9.16653 9.17638 9.18644 9.19669 9.20715 9.2178 9.22864 9.23968 9.2509 9.26232 9.27391 9.28569 9.29765 9.30978 9.32208 9.33456 9.3472 9.36 9.37297 9.38609 9.39937 9.41281 9.42639 9.44011 9.45398 9.46798 9.48212 9.49639 9.51079 9.52532 9.53997 9.55473 9.56961 9.58459 9.59969 9.61488 9.63018 9.64557 9.66105 9.67661 9.69226 9.70799 9.7238 9.73967 9.75562 9.77162 9.78769 9.80381 9.81998 9.8362 9.85246 9.86875 9.88508 9.90145 9.91783 9.93424 9.95067 9.9671 9.98355 10
10 9.9824 9.9648 9.94721 9.92963 9.91207 9.89454 9.87703 9.85955 9.84211 9.82472 9.80736 9.79006 9.77281 9.75562 9.73849 9.72143 9.70444 9.68753 9.6707 9.65395 9.63729 9.62072 9.60426 9.58789 9.57163 9.55548 9.53944 9.52352 9.50772 9.49205 9.47651 9.4611 9.44583 9.43069 9.41571 9.40087 9.38618 9.37165 9.35728 9.34307 9.32902 9.31515 9.30144 9.28792 9.27457 9.2614 9.24842 9.23563 9.22302 9.21061 9.1984 9.18639 9.17458 9.16297 9.15158 9.14039 9.12942 9.11866 9.10811 9.09779 9.08769 9.07782 9.06817 9.05875 9.04956 9.0406 9.03188 9.02339 9.01514 9.00714 8.99937 8.99185 8.98457 8.97754 8.97076 8.96423 8.95794 8.95191 8.94613 8.94061 8.93535 8.93034 8.92558 8.92109 8.91685 8.91288 8.90917 8.90572 8.90253 8.89961 8.89695 8.89455 8.89242 8.89055 8.88896 8.88762 8.88655 8.88575 8.88522 8.88495 8.88495 8.88522 8.88575 8.88655 8.88762 8.88896 8.89055 8.89242 8.89455 8.89695 8.89961 8.90253 8.90572 8.90917 8.91288 8.91685 8.92109 8.92558 8.93034 8.93535 8.94061 8.94613 8.95191 8.95794 8.96423 8.97076 8.97754 8.98457 8.99185 8.99937 9.00714 9.01514 9.02339 9.03188 9.0406 9.04956 9.05875 9.06817 9.07782 9.08769 9.09779 9.10811 9.11866 9.12942 9.14039 9.15158 9.16297 9.17458 9.18639 9.1984 9.21061 9.22302 9.23563 9.24842 9.2614 9.27457 9.28792 9.30144 9.31515 9.32902 9.34307 9.35728 9.37165 9.38618 9.40087 9.41571 9.43069 9.44583 9.4611 9.47651 9.49205 9.50772 9.52352 9.53944 9.55548 9.57163 9.58789 9.60426 9.62072 9.63729 9.65395 9.6707 9.68753 9.70444 9.72143 9.73849 9.75562 9.77281 9.79006 9.80736 9.82472 9.84211 9.85955 9.87703 9.89454 9.91207 9.92963 9.94721 9.9648 9.9824 10
10 9.98125 9.9625 9.94376 9.92504 9.90634 9.88766 9.86901 9.85039 9.83181 9.81328 9.79479 9.77636 9.75799 9.73967 9.72143 9.70326 9.68516 9.66714 9.64921 9.63137 9.61363 9.59598 9.57844 9.561 9.54368 9.52648 9.50939 9.49244 9.47561 9.45891 9.44236 9.42594 9.40967 9.39355 9.37759 9.36178 9.34614 9.33066 9.31535 9.30021 9.28525 9.27047 9.25587 9.24146 9.22724 9.21322 9.19939 9.18576 9.17234 9.15912 9.14611 9.13331 9.12073 9.10837 9.09623 9.08431 9.07262 9.06116 9.04993 9.03893 9.02817 9.01765 9.00738 8.99734 8.98755 8.97801 8.96872 8.95968 8.95089 8.94236 8.93409 8.92608 8.91833 8.91084 8.90361 8.89665 8.88996 8.88354 8.87738 8.8715 8.86589 8.86055 8.85549 8.8507 8.84619 8.84196 8.838 8.83433 8.83093 8.82782 8.82499 8.82243 8.82016 8.81818 8.81647 8.81505 8.81392 8.81306 8.81249 8.81221 8.81221 8.81249 8.81306 8.81392 8.81505 8.81647 8.81818 8.82016 8.82243 8.82499 8.82782 8.83093 8.83433 8.838 8.84196 8.84619 8.8507 8.85549 8.86055 8.86589 8.8715 8.87738 8.88354 8.88996 8.89665 8.90361 8.91084 8.91833 8.92608 8.93409 8.94236 8.95089 8.95968 8.96872 8.97801 8.98755 8.99734 9.00738 9.01765 9.02817 9.03893 9.04993 9.06116 9.07262 9.08431 9.09623 9.10837 9.12073 9.13331 9.14611 9.15912 9.17234 9.18576 9.19939 9.21322 9.22724 9.24146 9.25587 9.27047 9.28525 9.30021 9.31535 9.33066 9.34614 9.36178 9.37759 9.39355 9.40967 9.42594 9.44236 9.45891 9.47561 9.49244 9.50939 9.52648 9.54368 9.561 9.57844 9.59598 9.61363 9.63137 9.64921 9.66714 9.68516 9.70326 9.72143 9.73967 9.75799 9.77636 9.79479 9.81328 9.83181 9.85039 9.86901 9.88766 9.90634 9.92504 9.94376 9.9625 9.98125 10
10 9.9801 9.96021 9.94033 9.92047 9.90063 9.88081 9.86102 9.84127 9.82156 9.80189 9.78228 9.76272 9.74323 9.7238 9.70444 9.68516 9.66596 9.64684 9.62782 9.60889 9.59006 9.57134 9.55273 9.53423 9.51585 9.4976 9.47947 9.46148 9.44363 9.42591 9.40835 9.39093 9.37367 9.35657 9.33963 9.32286 9.30626 9.28984 9.27359 9.25753 9.24166 9.22598 9.21049 9.1952 9.18012 9.16523 9.15056 9.1361 9.12186 9.10784 9.09403 9.08046 9.06711 9.05399 9.04111 9.02847 9.01606 9.0039 8.99199 8.98032 8.96891 8.95775 8.94684 8.93619 8.92581 8.91568 8.90583 8.89624 8.88691 8.87786 8.86909 8.86059 8.85236 8.84441 8.83675 8.82936 8.82226 8.81545 8.80892 8.80268 8.79672 8.79106 8.78569 8.78061 8.77583 8.77134 8.76714 8.76324 8.75964 8.75633 8.75333 8.75062 8.74821 8.7461 8.74429 8.74279 8.74158 8.74068 8.74007 8.73977 8.73977 8.74007 8.74068 8.74158 8.74279 8.74429 8.7461 8.74821 8.75062 8.75333 8.75633 8.75964 8.76324 8.76714 8.77134 8.77583 8.78061 8.78569 8.79106 8.79672 8.80268 8.80892 8.81545 8.82226 8.82936 8.83675 8.84441 8.85236 8.86059 8.86909 8.87786 8.88691 8.89624 8.90583 8.91568 8.92581 8.93619 8.94684 8.95775 8.96891 8.98032 8.99199 9.0039 9.01606 9.02847 9.04111 9.05399 9.06711 9.08046 9.09403 9.10784 9.12186 9.1361 9.15056 9.16523 9.18012 9.1952 9.21049 9.22598 9.24166 9.25753 9.27359 9.28984 9.30626 9.32286 9.33963 9.35657 9.37367 9.39093 9.40835 9.42591 9.44363 9.46148 9.47947 9.4976 9.51585 9.53423 9.55273 9.57134 9.59006 9.60889 9.62782 9.64684 9.66596 9.68516 9.70444 9.7238 9.74323 9.76272 9.78228 9.80189 9.82156 9.84127 9.86102 9.88081 9.90063 9.92047 9.94033 9.96021 9.9801 10
10 9.97897 9.95794 9.93692 9.91592 9.89494 9.87399 9.85307 9.83218 9.81135 9.79056 9.76982 9.74915 9.72853 9.70799 9.68753 9.66714 9.64684 9.62663 9.60652 9.58651 9.56661 9.54681 9.52714 9.50758 9.48815 9.46885 9.44969 9.43067 9.41179 9.39306 9.37449 9.35608 9.33783 9.31975 9.30184 9.28411 9.26656 9.2492 9.23203 9.21505 9.19827 9.18169 9.16531 9.14915 9.1332 9.11747 9.10196 9.08667 9.07161 9.05678 9.04219 9.02784 9.01373 8.99986 8.98624 8.97287 8.95976 8.9469 8.93431 8.92197 8.90991 8.89811 8.88658 8.87532 8.86434 8.85364 8.84321 8.83308 8.82322 8.81365 8.80437 8.79539 8.78669 8.77829 8.77018 8.76238 8.75487 8.74767 8.74076 8.73416 8.72787 8.72188 8.71621 8.71084 8.70578 8.70103 8.69659 8.69247 8.68866 8.68517 8.68199 8.67913 8.67658 8.67435 8.67244 8.67085 8.66957 8.66862 8.66798 8.66766 8.66766 8.66798 8.66862 8.66957 8.67085 8.67244 8.67435 8.67658 8.67913 8.68199 8.68517 8.68866 8.69247 8.69659 8.70103 8.70578 8.71084 8.71621 8.72188 8.72787 8.73416 8.74076 8.74767 8.75487 8.76238 8.77018 8.77829 8.78669 8.79539 8.80437 8.81365 8.82322 8.83308 8.84321 8.85364 8.86434 8.87532 8.88658 8.89811 8.90991 8.92197 8.93431 8.9469 8.95976 8.97287 8.98624 8.99986 9.01373 9.02784 9.04219 9.05678 9.07161 9.08667 9.10196 9.11747 9.1332 9.14915 9.16531 9.18169 9.19827 9.21505 9.23203 9.2492 9.26656 9.28411 9.30184 9.31975 9.33783 9.35608 9.37449 9.39306 9.41179 9.43067 9.44969 9.46885 9.48815 9.50758 9.52714 9.54681 9.56661 9.58651 9.60652 9.62663 9.64684 9.66714 9.68753 9.70799 9.72853 9.74915 9.76982 9.79056 9.81135 9.83218 9.85307 9.87399 9.89494 9.91592 9.93692 9.95794 9.97897 10
10 9.97783 9.95567 9.93352 9.91139 9.88928 9.8672 9.84515 9.82315 9.80118 9.77927 9.75742 9.73563 9.71391 9.69226 9.6707 9.64921 9.62782 9.60652 9.58533 9.56424 9.54326 9.5224 9.50166 9.48105 9.46058 9.44024 9.42004 9.4 9.3801 9.36037 9.3408 9.32139 9.30216 9.28311 9.26424 9.24555 9.22706 9.20876 9.19066 9.17276 9.15508 9.13761 9.12035 9.10332 9.08651 9.06993 9.05358 9.03747 9.0216 9.00597 8.9906 8.97547 8.9606 8.94598 8.93163 8.91754 8.90372 8.89018 8.8769 8.8639 8.85118 8.83875 8.8266 8.81474 8.80316 8.79189 8.7809 8.77022 8.75983 8.74975 8.73997 8.7305 8.72133 8.71248 8.70394 8.69571 8.6878 8.68021 8.67293 8.66598 8.65934 8.65304 8.64705 8.64139 8.63606 8.63106 8.62638 8.62204 8.61802 8.61434 8.61099 8.60797 8.60529 8.60294 8.60093 8.59925 8.5979 8.5969 8.59622 8.59589 8.59589 8.59622 8.5969 8.5979 8.59925 8.60093 8.60294 8.60529 8.60797 8.61099 8.61434 8.61802 8.62204 8.62638 8.63106 8.63606 8.64139 8.64705 8.65304 8.65934 8.66598 8.67293 8.68021 8.6878 8.69571 8.70394 8.71248 8.72133 8.7305 8.73997 8.74975 8.75983 8.77022 8.7809 8.79189 8.80316 8.81474 8.8266 8.83875 8.85118 8.8639 8.8769 8.89018 8.90372 8.91754 8.93163 8.94598 8.9606 8.97547 8.9906 9.00597 9.0216 9.03747 9.05358 9.06993 9.08651 9.10332 9.12035 9.13761 9.15508 9.17276 9.19066 9.20876 9.22706 9.24555 9.26424 9.28311 9.30216 9.32139 9.3408 9.36037 9.3801 9.4 9.42004 9.44024 9.46058 9.48105 9.50166 9.5224 9.54326 9.56424 9.58533 9.60652 9.62782 9.64921 9.6707 9.69226 9.71391 9.73563 9.75742 9.77927 9.80118 9.82315 9.84515 9.8672 9.88928 9.91139 9.93352 9.95567 9.97783 10
10 9.97671 9.95342 9.93014 9.90688 9.88365 9.86044 9.83728 9.81415 9.79107 9.76805 9.74509 9.72219 9.69936 9.67661 9.65395 9.63137 9.60889 9.58651 9.56424 9.54208 9.52003 9.49811 9.47632 9.45466 9.43314 9.41177 9.39055 9.36948 9.34858 9.32784 9.30727 9.28688 9.26667 9.24665 9.22682 9.20718 9.18775 9.16852 9.1495 9.13069 9.11211 9.09375 9.07562 9.05771 9.04005 9.02263 9.00545 8.98852 8.97184 8.95542 8.93926 8.92337 8.90774 8.89238 8.8773 8.86249 8.84797 8.83373 8.81978 8.80612 8.79276 8.77969 8.76692 8.75446 8.7423 8.73044 8.7189 8.70767 8.69676 8.68616 8.67589 8.66593 8.6563 8.647 8.63802 8.62938 8.62106 8.61308 8.60544 8.59813 8.59116 8.58453 8.57824 8.5723 8.56669 8.56144 8.55652 8.55196 8.54774 8.54387 8.54035 8.53718 8.53436 8.53189 8.52978 8.52801 8.5266 8.52554 8.52483 8.52448 8.52448 8.52483 8.52554 8.5266 8.52801 8.52978 8.53189 8.53436 8.53718 8.54035 8.54387 8.54774 8.55196 8.55652 8.56144 8.56669 8.5723 8.57824 8.58453 8.59116 8.59813 8.60544 8.61308 8.62106 8.62938 8.63802 8.647 8.6563 8.66593 8.67589 8.68616 8.69676 8.70767 8.7189 8.73044 8.7423 8.75446 8.76692 8.77969 8.79276 8.80612 8.81978 8.83373 8.84797 8.86249 8.8773 8.89238 8.90774 8.92337 8.93926 8.95542 8.97184 8.98852 9.00545 9.02263 9.04005 9.05771 9.07562 9.09375 9.11211 9.13069 9.1495 9.16852 9.18775 9.20718 9.22682 9.24665 9.26667 9.28688 9.30727 9.32784 9.34858 9.36948 9.39055 9.41177 9.43314 9.45466 9.47632 9.49811 9.52003 9.54208 9.56424 9.58651 9.60889 9.63137 9.65395 9.67661 9.69936 9.72219 9.74509 9.76805 9.79107 9.81415 9.83728 9.86044 9.88365 9.90688 9.93014 9.95342 9.97671 10
10 9.97558 9.95117 9.92678 9.9024 9.87805 9.85373 9.82944 9.8052 9.78102 9.75688 9.73281 9.70881 9.68489 9.66105 9.63729 9.61363 9.59006 9.56661 9.54326 9.52003 9.49693 9.47395 9.45111 9.42841 9.40586 9.38346 9.36121 9.33913 9.31722 9.29548 9.27393 9.25255 9.23137 9.21038 9.1896 9.16902 9.14865 9.12849 9.10856 9.08885 9.06937 9.05012 9.03112 9.01235 8.99384 8.97558 8.95757 8.93983 8.92235 8.90514 8.8882 8.87154 8.85516 8.83906 8.82325 8.80774 8.79251 8.77759 8.76297 8.74865 8.73464 8.72095 8.70756 8.6945 8.68175 8.66933 8.65723 8.64546 8.63402 8.62292 8.61215 8.60171 8.59162 8.58187 8.57246 8.5634 8.55468 8.54632 8.53831 8.53065 8.52334 8.51639 8.5098 8.50357 8.4977 8.49219 8.48704 8.48225 8.47783 8.47377 8.47008 8.46676 8.46381 8.46122 8.459 8.45715 8.45567 8.45456 8.45382 8.45345 8.45345 8.45382 8.45456 8.45567 8.45715 8.459 8.46122 8.46381 8.46676 8.47008 8.47377 8.47783 8.48225 8.48704 8.49219 8.4977 8.50357 8.5098 8.51639 8.52334 8.53065 8.53831 8.54632 8.55468 8.5634 8.57246 8.58187 8.59162 8.60171 8.61215 8.62292 8.63402 8.64546 8.65723 8.66933 8.68175 8.6945 8.70756 8.72095 8.73464 8.74865 8.76297 8.77759 8.79251 8.80774 8.82325 8.83906 8.85516 8.87154 8.8882 8.90514 8.92235 8.93983 8.95757 8.97558 8.99384 9.01235 9.03112 9.05012 9.06937 9.08885 9.10856 9.12849 9.14865 9.16902 9.1896 9.21038 9.23137 9.25255 9.27393 9.29548 9.31722 9.33913 9.36121 9.38346 9.40586 9.42841 9.45111 9.47395 9.49693 9.52003 9.54326 9.56661 9.59006 9.61363 9.63729 9.66105 9.68489 9.70881 9.73281 9.75688 9.78102 9.8052 9.82944 9.85373 9.87805 9.9024 9.92678 9.95117 9.97558 10
10 9.97447 9.94894 9.92343 9.89794 9.87248 9.84705 9.82165 9.79631 9.77101 9.74578 9.72061 9.69552 9.6705 9.64557 9.62072 9.59598 9.57134 9.54681 9.5224 9.49811 9.47395 9.44993 9.42604 9.40231 9.37872 9.3553 9.33204 9.30895 9.28604 9.26331 9.24077 9.21842 9.19627 9.17432 9.15259 9.13106 9.10976 9.08869 9.06784 9.04723 9.02686 9.00674 8.98687 8.96725 8.94789 8.92879 8.90996 8.89141 8.87313 8.85513 8.83742 8.82 8.80287 8.78604 8.76951 8.75328 8.73737 8.72176 8.70647 8.6915 8.67685 8.66253 8.64854 8.63487 8.62155 8.60856 8.59591 8.5836 8.57164 8.56002 8.54876 8.53785 8.5273 8.5171 8.50726 8.49779 8.48868 8.47993 8.47155 8.46354 8.4559 8.44864 8.44174 8.43523 8.42909 8.42332 8.41794 8.41293 8.40831 8.40407 8.40021 8.39674 8.39365 8.39094 8.38862 8.38669 8.38514 8.38398 8.38321 8.38282 8.38282 8.38321 8.38398 8.38514 8.38669 8.38862 8.39094 8.39365 8.39674 8.40021 8.40407 8.40831 8.41293 8.41794 8.42332 8.42909 8.43523 8.44174 8.44864 8.4559 8.46354 8.47155 8.47993 8.48868 8.49779 8.50726 8.5171 8.5273 8.53785 8.54876 8.56002 8.57164 8.5836 8.59591 8.60856 8.62155 8.63487 8.64854 8.66253 8.67685 8.6915 8.70647 8.72176 8.73737 8.75328 8.76951 8.78604 8.80287 8.82 8.83742 8.85513 8.87313 8.89141 8.90996 8.92879 8.94789 8.96725 8.98687 9.00674 9.02686 9.04723 9.06784 9.08869 9.10976 9.13106 9.15259 9.17432 9.19627 9.21842 9.24077 9.26331 9.28604 9.30895 9.33204 9.3553 9.37872 9.40231 9.42604 9.44993 9.47395 9.49811 9.5224 9.54681 9.57134 9.59598 9.62072 9.64557 9.6705 9.69552 9.72061 9.74578 9.77101 9.79631 9.82165 9.84705 9.87248 9.89794 9.92343 9.94894 9.97447 10
10 9.97336 9.94673 9.92011 9.89351 9.86694 9.8404 9.81391 9.78746 9.76107 9.73474 9.70848 9.68229 9.65619 9.63018 9.60426 9.57844 9.55273 9.52714 9.50166 9.47632 9.45111 9.42604 9.40112 9.37635 9.35175 9.3273 9.30304 9.27894 9.25504 9.23132 9.2078 9.18448 9.16137 9.13847 9.11579 9.09334 9.07111 9.04912 9.02737 9.00587 8.98461 8.96361 8.94288 8.92241 8.90221 8.88228 8.86263 8.84327 8.8242 8.80542 8.78694 8.76876 8.75089 8.73333 8.71608 8.69915 8.68254 8.66626 8.65031 8.63469 8.6194 8.60446 8.58986 8.5756 8.5617 8.54814 8.53494 8.5221 8.50962 8.4975 8.48575 8.47437 8.46335 8.45271 8.44245 8.43256 8.42306 8.41393 8.40519 8.39683 8.38886 8.38128 8.37408 8.36728 8.36088 8.35486 8.34925 8.34402 8.3392 8.33478 8.33075 8.32712 8.3239 8.32108 8.31866 8.31664 8.31502 8.31381 8.313 8.3126 8.3126 8.313 8.31381 8.31502 8.31664 8.31866 8.32108 8.3239 8.32712 8.33075 8.33478 8.3392 8.34402 8.34925 8.35486 8.36088 8.36728 8.37408 8.38128 8.38886 8.39683 8.40519 8.41393 8.42306 8.43256 8.44245 8.45271 8.46335 8.47437 8.48575 8.4975 8.50962 8.5221 8.53494 8.54814 8.5617 8.5756 8.58986 8.60446 8.6194 8.63469 8.65031 8.66626 8.68254 8.69915 8.71608 8.73333 8.75089 8.76876 8.78694 8.80542 8.8242 8.84327 8.86263 8.88228 8.90221 8.92241 8.94288 8.96361 8.98461 9.00587 9.02737 9.04912 9.07111 9.09334 9.11579 9.13847 9.16137 9.18448 9.2078 9.23132 9.25504 9.27894 9.30304 9.3273 9.35175 9.37635 9.40112 9.42604 9.45111 9.47632 9.50166 9.52714 9.55273 9.57844 9.60426 9.63018 9.65619 9.68229 9.70848 9.73474 9.76107 9.78746 9.81391 9.8404 9.86694 9.89351 9.92011 9.94673 9.97336 10
10 9.97226 9.94452 9.91681 9.88911 9.86144 9.8338 9.80621 9.77867 9.75119 9.72377 9.69642 9.66916 9.64197 9.61488 9.58789 9.561 9.53423 9.50758 9.48105 9.45466 9.42841 9.40231 9.37635 9.35056 9.32494 9.29948 9.27421 9.24912 9.22423 9.19953 9.17504 9.15075 9.12669 9.10284 9.07922 9.05584 9.03269 9.0098 8.98715 8.96475 8.94262 8.92075 8.89916 8.87784 8.8568 8.83606 8.8156 8.79544 8.77558 8.75602 8.73678 8.71785 8.69923 8.68095 8.66298 8.64535 8.62806 8.6111 8.59449 8.57822 8.56231 8.54675 8.53154 8.51669 8.50221 8.4881 8.47435 8.46098 8.44798 8.43536 8.42313 8.41127 8.3998 8.38872 8.37804 8.36774 8.35784 8.34834 8.33923 8.33053 8.32223 8.31433 8.30684 8.29976 8.29309 8.28683 8.28098 8.27554 8.27052 8.26591 8.26172 8.25794 8.25458 8.25164 8.24912 8.24702 8.24534 8.24408 8.24324 8.24282 8.24282 8.24324 8.24408 8.24534 8.24702 8.24912 8.25164 8.25458 8.25794 8.26172 8.26591 8.27052 8.27554 8.28098 8.28683 8.29309 8.29976 8.30684 8.31433 8.32223 8.33053 8.33923 8.34834 8.35784 8.36774 8.37804 8.38872 8.3998 8.41127 8.42313 8.43536 8.44798 8.46098 8.47435 8.4881 8.50221 8.51669 8.53154 8.54675 8.56231 8.57822 8.59449 8.6111 8.62806 8.64535 8.66298 8.68095 8.69923 8.71785 8.73678 8.75602 8.77558 8.79544 8.8156 8.83606 8.8568 8.87784 8.89916 8.92075 8.94262 8.96475 8.98715 9.0098 9.03269 9.05584 9.07922 9.10284 9.12669 9.15075 9.17504 9.19953 9.22423 9.24912 9.27421 9.29948 9.32494 9.35056 9.37635 9.40231 9.42841 9.45466 9.48105 9.50758 9.53423 9.561 9.58789 9.61488 9.64197 9.66916 9.69642 9.72377 9.75119 9.77867 9.80621 9.8338 9.86144 9.88911 9.91681 9.94452 9.97226 10
