102 102
10 10 10 10 10 10 10 10 10 10 10 10 10 10 10 10 10 10 10 10 10 10 10 10 10 10 10 10 10 10 10 10 10 10 10 10 10 10 10 10 10 10 10 10 10 10 10 10 10 10 10 10 10 10 10 10 10 10 10 10 10 10 10 10 10 10 10 10 10 10 10 10 10 10 10 10 10 10 10 10 10 10 10 10 10 10 10 10 10 10 10 10 10 10 10 10 10 10 10 10 10 10
10 9.99988 9.99975 9.99963 9.9995 9.99938 9.99926 9.99914 9.99902 9.9989 9.99878 9.99866 9.99854 9.99843 9.99832 9.9982 9.99809 9.99799 9.99788 9.99778 9.99767 9.99757 9.99748 9.99738 9.99729 9.9972 9.99711 9.99703 9.99695 9.99687 9.99679 9.99672 9.99665 9.99658 9.99652 9.99646 9.99641 9.99635 9.99631 9.99626 9.99622 9.99618 9.99615 9.99612 9.99609 9.99607 9.99605 9.99603 9.99602 9.99601 9.99601 9.99601 9.99601 9.99602 9.99603 9.99605 9.99607 9.99609 9.99612 9.99615 9.99618 9.99622 9.99626 9.99631 9.99635 9.99641 9.99646 9.99652 9.99658 9.99665 9.99672 9.99679 9.99687 9.99695 9.99703 9.99711 9.9972 9.99729 9.99738 9.99748 9.99757 9.99767 9.99778 9.99788 9.99799 9.99809 9.9982 9.99832 9.99843 9.99854 9.99866 9.99878 9.9989 9.99902 9.99914 9.99926 9.99938 9.9995 9.99963 9.99975 9.99988 10
10 9.99975 9.9995 9.99926 9.99901 9.99876 9.99852 9.99828 9.99803 9.99779 9.99756 9.99732 9.99709 9.99686 9.99663 9.99641 9.99619 9.99597 9.99576 9.99555 9.99535 9.99515 9.99495 9.99476 9.99458 9.9944 9.99423 9.99406 9.9939 9.99374 9.99359 9.99344 9.9933 9.99317 9.99305 9.99293 9.99282 9.99271 9.99261 9.99252 9.99244 9.99236 9.9923 9.99224 9.99218 9.99214 9.9921 9.99207 9.99204 9.99203 9.99202 9.99202 9.99203 9.99204 9.99207 9.9921 9.99214 9.99218 9.99224 9.9923 9.99236 9.99244 9.99252 9.99261 9.99271 9.99282 9.99293 9.99305 9.99317 9.9933 9.99344 9.99359 9.99374 9.9939 9.99406 9.99423 9.9944 9.99458 9.99476 9.99495 9.99515 9.99535 9.99555 9.99576 9.99597 9.99619 9.99641 9.99663 9.99686 9.99709 9.99732 9.99756 9.99779 9.99803 9.99828 9.99852 9.99876 9.99901 9.99926 9.9995 9.99975 10
10 9.99963 9.99926 9.99889 9.99852 9.99815 9.99778 9.99742 9.99705 9.99669 9.99634 9.99599 9.99564 9.99529 9.99495 9.99462 9.99429 9.99397 9.99365 9.99333 9.99303 9.99273 9.99244 9.99215 9.99188 9.99161 9.99135 9.99109 9.99085 9.99061 9.99039 9.99017 9.98996 9.98977 9.98958 9.9894 9.98923 9.98908 9.98893 9.9888 9.98867 9.98856 9.98845 9.98836 9.98828 9.98821 9.98816 9.98811 9.98807 9.98805 9.98804 9.98804 9.98805 9.98807 9.98811 9.98816 9.98821 9.98828 9.98836 9.98845 9.98856 9.98867 9.9888 9.98893 9.98908 9.98923 9.9894 9.98958 9.98977 9.98996 9.99017 9.99039 9.99061 9.99085 9.99109 9.99135 9.99161 9.99188 9.99215 9.99244 9.99273 9.99303 9.99333 9.99365 9.99397 9.99429 9.99462 9.99495 9.99529 9.99564 9.99599 9.99634 9.99669 9.99705 9.99742 9.99778 9.99815 9.99852 9.99889 9.99926 9.99963 10
10 9.9995 9.99901 9.99852 9.99802 9.99753 9.99704 9.99656 9.99608 9.9956 9.99512 9.99465 9.99419 9.99373 9.99328 9.99283 9.99239 9.99196 9.99154 9.99112 9.99072 9.99032 9.98993 9.98955 9.98918 9.98882 9.98848 9.98814 9.98781 9.9875 9.9872 9.98691 9.98663 9.98637 9.98612 9.98588 9.98566 9.98545 9.98526 9.98508 9.98491 9.98476 9.98462 9.9845 9.98439 9.9843 9.98422 9.98416 9.98412 9.98409 9.98407 9.98407 9.98409 9.98412 9.98416 9.98422 9.9843 9.98439 9.9845 9.98462 9.98476 9.98491 9.98508 9.98526 9.98545 9.98566 9.98588 9.98612 9.98637 9.98663 9.98691 9.9872 9.9875 9.98781 9.98814 9.98848 9.98882 9.98918 9.98955 9.98993 9.99032 9.99072 9.99112 9.99154 9.99196 9.99239 9.99283 9.99328 9.99373 9.99419 9.99465 9.99512 9.9956 9.99608 9.99656 9.99704 9.99753 9.99802 9.99852 9.99901 9.9995 10
10 9.99938 9.99876 9.99815 9.99753 9.99692 9.99631 9.9957 9.9951 9.99451 9.99391 9.99333 9.99275 9.99218 9.99161 9.99106 9.99051 9.98997 9.98944 9.98892 9.98841 9.98792 9.98743 9.98696 9.9865 9.98605 9.98561 9.98519 9.98479 9.9844 9.98402 9.98366 9.98332 9.98299 9.98268 9.98238 9.9821 9.98184 9.9816 9.98137 9.98117 9.98098 9.98081 9.98065 9.98052 9.98041 9.98031 9.98023 9.98017 9.98014 9.98012 9.98012 9.98014 9.98017 9.98023 9.98031 9.98041 9.98052 9.98065 9.98081 9.98098 9.98117 9.98137 9.9816 9.98184 9.9821 9.98238 9.98268 9.98299 9.98332 9.98366 9.98402 9.9844 9.98479 9.98519 9.98561 9.98605 9.9865 9.98696 9.98743 9.98792 9.98841 9.98892 9.98944 9.98997 9.99051 9.99106 9.99161 9.99218 9.99275 9.99333 9.99391 9.99451 9.9951 9.9957 9.99631 9.99692 9.99753 9.99815 9.99876 9.99938 10
10 9.99926 9.99852 9.99778 9.99704 9.99631 9.99558 9.99485 9.99413 9.99342 9.99271 9.99201 9.99131 9.99063 9.98995 9.98929 9.98863 9.98798 9.98735 9.98673 9.98612 9.98552 9.98494 9.98438 9.98382 9.98329 9.98277 9.98227 9.98178 9.98131 9.98086 9.98043 9.98002 9.97962 9.97925 9.9789 9.97856 9.97825 9.97796 9.97769 9.97744 9.97721 9.97701 9.97683 9.97667 9.97653 9.97641 9.97632 9.97625 9.97621 9.97618 9.97618 9.97621 9.97625 9.97632 9.97641 9.97653 9.97667 9.97683 9.97701 9.97721 9.97744 9.97769 9.97796 9.97825 9.97856 9.9789 9.97925 9.97962 9.98002 9.98043 9.98086 9.98131 9.98178 9.98227 9.98277 9.98329 9.98382 9.98438 9.98494 9.98552 9.98612 9.98673 9.98735 9.98798 9.98863 9.98929 9.98995 9.99063 9.99131 9.99201 9.99271 9.99342 9.99413 9.99485 9.99558 9.99631 9.99704 9.99778 9.99852 9.99926 10
10 9.99914 9.99828 9.99742 9.99656 9.9957 9.99485 9.99401 9.99317 9.99234 9.99151 9.9907 9.98989 9.98909 9.9883 9.98753 9.98676 9.98601 9.98527 9.98455 9.98384 9.98315 9.98247 9.98181 9.98117 9.98054 9.97994 9.97935 9.97879 9.97824 9.97772 9.97722 9.97673 9.97628 9.97584 9.97543 9.97504 9.97468 9.97434 9.97402 9.97373 9.97347 9.97323 9.97302 9.97283 9.97267 9.97254 9.97243 9.97235 9.9723 9.97227 9.97227 9.9723 9.97235 9.97243 9.97254 9.97267 9.97283 9.97302 9.97323 9.97347 9.97373 9.97402 9.97434 9.97468 9.97504 9.97543 9.97584 9.97628 9.97673 9.97722 9.97772 9.97824 9.97879 9.97935 9.97994 9.98054 9.98117 9.98181 9.98247 9.98315 9.98384 9.98455 9.98527 9.98601 9.98676 9.98753 9.9883 9.98909 9.98989 9.9907 9.99151 9.99234 9.99317 9.99401 9.99485 9.9957 9.99656 9.99742 9.99828 9.99914 10
10 9.99902 9.99803 9.99705 9.99608 9.9951 9.99413 9.99317 9.99221 9.99126 9.99032 9.98939 9.98847 9.98756 9.98666 9.98578 9.98491 9.98405 9.98321 9.98238 9.98158 9.98079 9.98001 9.97926 9.97853 9.97782 9.97713 9.97646 9.97582 9.97519 9.9746 9.97402 9.97348 9.97295 9.97246 9.97199 9.97155 9.97113 9.97074 9.97039 9.97006 9.96975 9.96948 9.96924 9.96903 9.96885 9.96869 9.96857 9.96848 9.96842 9.96839 9.96839 9.96842 9.96848 9.96857 9.96869 9.96885 9.96903 9.96924 9.96948 9.96975 9.97006 9.97039 9.97074 9.97113 9.97155 9.97199 9.97246 9.97295 9.97348 9.97402 9.9746 9.97519 9.97582 9.97646 9.97713 9.97782 9.97853 9.97926 9.98001 9.98079 9.98158 9.98238 9.98321 9.98405 9.98491 9.98578 9.98666 9.98756 9.98847 9.98939 9.99032 9.99126 9.99221 9.99317 9.99413 9.9951 9.99608 9.99705 9.99803 9.99902 10
10 9.9989 9.99779 9.99669 9.9956 9.99451 9.99342 9.99234 9.99126 9.9902 9.98914 9.9881 9.98707 9.98604 9.98504 9.98404 9.98307 9.98211 9.98116 9.98024 9.97933 9.97844 9.97758 9.97673 9.97591 9.97511 9.97434 9.97359 9.97287 9.97217 9.9715 9.97086 9.97024 9.96966 9.9691 9.96857 9.96808 9.96761 9.96718 9.96677 9.9664 9.96607 9.96576 9.96549 9.96525 9.96505 9.96488 9.96474 9.96464 9.96457 9.96453 9.96453 9.96457 9.96464 9.96474 9.96488 9.96505 9.96525 9.96549 9.96576 9.96607 9.9664 9.96677 9.96718 9.96761 9.96808 9.96857 9.9691 9.96966 9.97024 9.97086 9.9715 9.97217 9.97287 9.97359 9.97434 9.97511 9.97591 9.97673 9.97758 9.97844 9.97933 9.98024 9.98116 9.98211 9.98307 9.98404 9.98504 9.98604 9.98707 9.9881 9.98914 9.9902 9.99126 9.99234 9.99342 9.99451 9.9956 9.99669 9.99779 9.9989 10
10 9.99878 9.99756 9.99634 9.99512 9.99391 9.99271 9.99151 9.99032 9.98914 9.98797 9.98682 9.98567 9.98454 9.98343 9.98233 9.98124 9.98018 9.97913 9.97811 9.9771 9.97612 9.97516 9.97423 9.97332 9.97243 9.97158 9.97075 9.96995 9.96917 9.96843 9.96772 9.96704 9.96639 9.96577 9.96519 9.96464 9.96412 9.96364 9.9632 9.96279 9.96241 9.96207 9.96177 9.96151 9.96128 9.96109 9.96094 9.96083 9.96075 9.96071 9.96071 9.96075 9.96083 9.96094 9.96109 9.96128 9.96151 9.96177 9.96207 9.96241 9.96279 9.9632 9.96364 9.96412 9.96464 9.96519 9.96577 9.96639 9.96704 9.96772 9.96843 9.96917 9.96995 9.97075 9.97158 9.97243 9.97332 9.97423 9.97516 9.97612 9.9771 9.97811 9.97913 9.98018 9.98124 9.98233 9.98343 9.98454 9.98567 9.98682 9.98797 9.98914 9.99032 9.99151 9.99271 9.99391 9.99512 9.99634 9.99756 9.99878 10
10 9.99866 9.99732 9.99599 9.99465 9.99333 9.99201 9.9907 9.98939 9.9881 9.98682 9.98555 9.98429 9.98305 9.98183 9.98062 9.97944 9.97827 9.97712 9.976 9.9749 9.97382 9.97277 9.97175 9.97075 9.96978 9.96884 9.96793 9.96705 9.96621 9.96539 9.96461 9.96386 9.96315 9.96248 9.96184 9.96123 9.96067 9.96014 9.95965 9.9592 9.95879 9.95842 9.95809 9.95781 9.95756 9.95735 9.95718 9.95706 9.95697 9.95693 9.95693 9.95697 9.95706 9.95718 9.95735 9.95756 9.95781 9.95809 9.95842 9.95879 9.9592 9.95965 9.96014 9.96067 9.96123 9.96184 9.96248 9.96315 9.96386 9.96461 9.96539 9.96621 9.96705 9.96793 9.96884 9.96978 9.97075 9.97175 9.97277 9.97382 9.9749 9.976 9.97712 9.97827 9.97944 9.98062 9.98183 9.98305 9.98429 9.98555 9.98682 9.9881 9.98939 9.9907 9.99201 9.99333 9.99465 9.99599 9.99732 9.99866 10
10 9.99854 9.99709 9.99564 9.99419 9.99275 9.99131 9.98989 9.98847 9.98707 9.98567 9.98429 9.98293 9.98158 9.98025 9.97894 9.97765 9.97638 9.97514 9.97392 9.97272 9.97155 9.97041 9.96929 9.96821 9.96716 9.96614 9.96515 9.96419 9.96327 9.96239 9.96154 9.96073 9.95995 9.95922 9.95852 9.95787 9.95725 9.95668 9.95615 9.95566 9.95522 9.95481 9.95446 9.95414 9.95387 9.95365 9.95346 9.95333 9.95324 9.95319 9.95319 9.95324 9.95333 9.95346 9.95365 9.95387 9.95414 9.95446 9.95481 9.95522 9.95566 9.95615 9.95668 9.95725 9.95787 9.95852 9.95922 9.95995 9.96073 9.96154 9.96239 9.96327 9.96419 9.96515 9.96614 9.96716 9.96821 9.96929 9.97041 9.97155 9.97272 9.97392 9.97514 9.97638 9.97765 9.97894 9.98025 9.98158 9.98293 9.98429 9.98567 9.98707 9.98847 9.98989 9.99131 9.99275 9.99419 9.99564 9.99709 9.99854 10
10 9.99843 9.99686 9.99529 9.99373 9.99218 9.99063 9.98909 9.98756 9.98604 9.98454 9.98305 9.98158 9.98013 9.97869 9.97728 9.97589 9.97452 9.97318 9.97186 9.97057 9.96931 9.96807 9.96687 9.9657 9.96456 9.96346 9.9624 9.96137 9.96037 9.95942 9.9585 9.95763 9.95679 9.956 9.95525 9.95454 9.95388 9.95326 9.95269 9.95216 9.95168 9.95125 9.95086 9.95052 9.95023 9.94999 9.94979 9.94965 9.94955 9.9495 9.9495 9.94955 9.94965 9.94979 9.94999 9.95023 9.95052 9.95086 9.95125 9.95168 9.95216 9.95269 9.95326 9.95388 9.95454 9.95525 9.956 9.95679 9.95763 9.9585 9.95942 9.96037 9.96137 9.9624 9.96346 9.96456 9.9657 9.96687 9.96807 9.96931 9.97057 9.97186 9.97318 9.97452 9.97589 9.97728 9.97869 9.98013 9.98158 9.98305 9.98454 9.98604 9.98756 9.98909 9.99063 9.99218 9.99373 9.99529 9.99686 9.99843 10
10 9.99832 9.99663 9.99495 9.99328 9.99161 9.98995 9.9883 9.98666 9.98504 9.98343 9.98183 9.98025 9.97869 9.97716 9.97564 9.97415 9.97268 9.97124 9.96983 9.96844 9.96709 9.96577 9.96448 9.96323 9.96201 9.96082 9.95968 9.95858 9.95751 9.95649 9.95551 9.95457 9.95367 9.95282 9.95202 9.95126 9.95055 9.94989 9.94927 9.94871 9.94819 9.94773 9.94731 9.94695 9.94664 9.94638 9.94617 9.94601 9.94591 9.94585 9.94585 9.94591 9.94601 9.94617 9.94638 9.94664 9.94695 9.94731 9.94773 9.94819 9.94871 9.94927 9.94989 9.95055 9.95126 9.95202 9.95282 9.95367 9.95457 9.95551 9.95649 9.95751 9.95858 9.95968 9.96082 9.96201 9.96323 9.96448 9.96577 9.96709 9.96844 9.96983 9.97124 9.97268 9.97415 9.97564 9.97716 9.97869 9.98025 9.98183 9.98343 9.98504 9.98666 9.9883 9.98995 9.99161 9.99328 9.99495 9.99663 9.99832 10
10 9.9982 9.99641 9.99462 9.99283 9.99106 9.98929 9.98753 9.98578 9.98404 9.98233 9.98062 9.97894 9.97728 9.97564 9.97402 9.97243 9.97087 9.96933 9.96782 9.96635 9.96491 9.9635 9.96212 9.96078 9.95949 9.95823 9.95701 9.95583 9.95469 9.9536 9.95255 9.95155 9.9506 9.94969 9.94884 9.94803 9.94727 9.94656 9.94591 9.94531 9.94476 9.94426 9.94382 9.94343 9.9431 9.94282 9.94259 9.94243 9.94232 9.94226 9.94226 9.94232 9.94243 9.94259 9.94282 9.9431 9.94343 9.94382 9.94426 9.94476 9.94531 9.94591 9.94656 9.94727 9.94803 9.94884 9.94969 9.9506 9.95155 9.95255 9.9536 9.95469 9.95583 9.95701 9.95823 9.95949 9.96078 9.96212 9.9635 9.96491 9.96635 9.96782 9.96933 9.97087 9.97243 9.97402 9.97564 9.97728 9.97894 9.98062 9.98233 9.98404 9.98578 9.98753 9.98929 9.99106 9.99283 9.99462 9.99641 9.9982 10
10 9.99809 9.99619 9.99429 9.99239 9.99051 9.98863 9.98676 9.98491 9.98307 9.98124 9.97944 9.97765 9.97589 9.97415 9.97243 9.97074 9.96908 9.96745 9.96585 9.96429 9.96276 9.96126 9.9598 9.95838 9.957 9.95567 9.95437 9.95312 9.95192 9.95076 9.94965 9.94858 9.94757 9.94661 9.9457 9.94484 9.94404 9.94329 9.94259 9.94195 9.94137 9.94084 9.94038 9.93996 9.93961 9.93931 9.93908 9.9389 9.93878 9.93872 9.93872 9.93878 9.9389 9.93908 9.93931 9.93961 9.93996 9.94038 9.94084 9.94137 9.94195 9.94259 9.94329 9.94404 9.94484 9.9457 9.94661 9.94757 9.94858 9.94965 9.95076 9.95192 9.95312 9.95437 9.95567 9.957 9.95838 9.9598 9.96126 9.96276 9.96429 9.96585 9.96745 9.96908 9.97074 9.97243 9.97415 9.97589 9.97765 9.97944 9.98124 9.98307 9.98491 9.98676 9.98863 9.99051 9.99239 9.99429 9.99619 9.99809 10
10 9.99799 9.99597 9.99397 9.99196 9.98997 9.98798 9.98601 9.98405 9.98211 9.98018 9.97827 9.97638 9.97452 9.97268 9.97087 9.96908 9.96733 9.9656 9.96391 9.96226 9.96064 9.95906 9.95752 9.95602 9.95456 9.95315 9.95178 9.95046 9.94919 9.94796 9.94679 9.94567 9.9446 9.94358 9.94262 9.94171 9.94086 9.94007 9.93934 9.93866 9.93804 9.93749 9.93699 9.93656 9.93618 9.93587 9.93562 9.93543 9.93531 9.93524 9.93524 9.93531 9.93543 9.93562 9.93587 9.93618 9.93656 9.93699 9.93749 9.93804 9.93866 9.93934 9.94007 9.94086 9.94171 9.94262 9.94358 9.9446 9.94567 9.94679 9.94796 9.94919 9.95046 9.95178 9.95315 9.95456 9.95602 9.95752 9.95906 9.96064 9.96226 9.96391 9.9656 9.96733 9.96908 9.97087 9.97268 9.97452 9.97638 9.97827 9.98018 9.98211 9.98405 9.98601 9.98798 9.98997 9.99196 9.99397 9.99597 9.99799 10
10 9.99788 9.99576 9.99365 9.99154 9.98944 9.98735 9.98527 9.98321 9.98116 9.97913 9.97712 9.97514 9.97318 9.97124 9.96933 9.96745 9.9656 9.96379 9.96201 9.96027 9.95857 9.9569 9.95528 9.9537 9.95217 9.95068 9.94924 9.94785 9.94651 9.94522 9.94398 9.9428 9.94167 9.9406 9.93959 9.93864 9.93774 9.93691 9.93614 9.93542 9.93478 9.93419 9.93367 9.93321 9.93282 9.93249 9.93222 9.93203 9.9319 9.93183 9.93183 9.9319 9.93203 9.93222 9.93249 9.93282 9.93321 9.93367 9.93419 9.93478 9.93542 9.93614 9.93691 9.93774 9.93864 9.93959 9.9406 9.94167 9.9428 9.94398 9.94522 9.94651 9.94785 9.94924 9.95068 9.95217 9.9537 9.95528 9.9569 9.95857 9.96027 9.96201 9.96379 9.9656 9.96745 9.96933 9.97124 9.97318 9.97514 9.97712 9.97913 9.98116 9.98321 9.98527 9.98735 9.98944 9.99154 9.99365 9.99576 9.99788 10
10 9.99778 9.99555 9.99333 9.99112 9.98892 9.98673 9.98455 9.98238 9.98024 9.97811 9.976 9.97392 9.97186 9.96983 9.96782 9.96585 9.96391 9.96201 9.96015 9.95832 9.95653 9.95478 9.95308 9.95143 9.94982 9.94826 9.94674 9.94529 9.94388 9.94253 9.94123 9.93999 9.93881 9.93769 9.93662 9.93562 9.93469 9.93381 9.933 9.93225 9.93157 9.93096 9.93041 9.92993 9.92952 9.92917 9.92889 9.92869 9.92855 9.92848 9.92848 9.92855 9.92869 9.92889 9.92917 9.92952 9.92993 9.93041 9.93096 9.93157 9.93225 9.933 9.93381 9.93469 9.93562 9.93662 9.93769 9.93881 9.93999 9.94123 9.94253 9.94388 9.94529 9.94674 9.94826 9.94982 9.95143 9.95308 9.95478 9.95653 9.95832 9.96015 9.96201 9.96391 9.96585 9.96782 9.96983 9.97186 9.97392 9.976 9.97811 9.98024 9.98238 9.98455 9.98673 9.98892 9.99112 9.99333 9.99555 9.99778 10
10 9.99767 9.99535 9.99303 9.99072 9.98841 9.98612 9.98384 9.98158 9.97933 9.9771 9.9749 9.97272 9.97057 9.96844 9.96635 9.96429 9.96226 9.96027 9.95832 9.95641 9.95454 9.95271 9.95093 9.9492 9.94751 9.94588 9.9443 9.94278 9.9413 9.93989 9.93853 9.93724 9.936 9.93483 9.93372 9.93267 9.93169 9.93077 9.92993 9.92914 9.92843 9.92779 9.92722 9.92671 9.92628 9.92592 9.92563 9.92542 9.92527 9.9252 9.9252 9.92527 9.92542 9.92563 9.92592 9.92628 9.92671 9.92722 9.92779 9.92843 9.92914 9.92993 9.93077 9.93169 9.93267 9.93372 9.93483 9.936 9.93724 9.93853 9.93989 9.9413 9.94278 9.9443 9.94588 9.94751 9.9492 9.95093 9.95271 9.95454 9.95641 9.95832 9.96027 9.96226 9.96429 9.96635 9.96844 9.97057 9.97272 9.9749 9.9771 9.97933 9.98158 9.98384 9.98612 9.98841 9.99072 9.99303 9.99535 9.99767 10
10 9.99757 9.99515 9.99273 9.99032 9.98792 9.98552 9.98315 9.98079 9.97844 9.97612 9.97382 9.97155 9.96931 9.96709 9.96491 9.96276 9.96064 9.95857 9.95653 9.95454 9.95259 9.95068 9.94883 9.94702 9.94526 9.94356 9.94191 9.94032 9.93879 9.93731 9.9359 9.93455 9.93326 9.93203 9.93088 9.92978 9.92876 9.92781 9.92692 9.92611 9.92536 9.92469 9.9241 9.92357 9.92312 9.92274 9.92244 9.92222 9.92207 9.92199 9.92199 9.92207 9.92222 9.92244 9.92274 9.92312 9.92357 9.9241 9.92469 9.92536 9.92611 9.92692 9.92781 9.92876 9.92978 9.93088 9.93203 9.93326 9.93455 9.9359 9.93731 9.93879 9.94032 9.94191 9.94356 9.94526 9.94702 9.94883 9.95068 9.95259 9.95454 9.95653 9.95857 9.96064 9.96276 9.96491 9.96709 9.96931 9.97155 9.97382 9.97612 9.97844 9.98079 9.98315 9.98552 9.98792 9.99032 9.99273 9.99515 9.99757 10
10 9.99748 9.99495 9.99244 9.98993 9.98743 9.98494 9.98247 9.98001 9.97758 9.97516 9.97277 9.97041 9.96807 9.96577 9.9635 9.96126 9.95906 9.9569 9.95478 9.95271 9.95068 9.9487 9.94677 9.94489 9.94307 9.94129 9.93958 9.93793 9.93633 9.9348 9.93332 9.93192 9.93058 9.9293 9.9281 9.92696 9.9259 9.92491 9.92399 9.92314 9.92237 9.92167 9.92105 9.9205 9.92003 9.91964 9.91933 9.91909 9.91894 9.91886 9.91886 9.91894 9.91909 9.91933 9.91964 9.92003 9.9205 9.92105 9.92167 9.92237 9.92314 9.92399 9.92491 9.9259 9.92696 9.9281 9.9293 9.93058 9.93192 9.93332 9.9348 9.93633 9.93793 9.93958 9.94129 9.94307 9.94489 9.94677 9.9487 9.95068 9.95271 9.95478 9.9569 9.95906 9.96126 9.9635 9.96577 9.96807 9.97041 9.97277 9.97516 9.97758 9.98001 9.98247 9.98494 9.98743 9.98993 9.99244 9.99495 9.99748 10
10 9.99738 9.99476 9.99215 9.98955 9.98696 9.98438 9.98181 9.97926 9.97673 9.97423 9.97175 9.96929 9.96687 9.96448 9.96212 9.9598 9.95752 9.95528 9.95308 9.95093 9.94883 9.94677 9.94477 9.94282 9.94092 9.93909 9.93731 9.93559 9.93393 9.93234 9.93082 9.92936 9.92796 9.92664 9.92539 9.92422 9.92311 9.92208 9.92112 9.92025 9.91944 9.91872 9.91808 9.91751 9.91702 9.91662 9.91629 9.91605 9.91589 9.9158 9.9158 9.91589 9.91605 9.91629 9.91662 9.91702 9.91751 9.91808 9.91872 9.91944 9.92025 9.92112 9.92208 9.92311 9.92422 9.92539 9.92664 9.92796 9.92936 9.93082 9.93234 9.93393 9.93559 9.93731 9.93909 9.94092 9.94282 9.94477 9.94677 9.94883 9.95093 9.95308 9.95528 9.95752 9.9598 9.96212 9.96448 9.96687 9.96929 9.97175 9.97423 9.97673 9.97926 9.98181 9.98438 9.98696 9.98955 9.99215 9.99476 9.99738 10
10 9.99729 9.99458 9.99188 9.98918 9.9865 9.98382 9.98117 9.97853 9.97591 9.97332 9.97075 9.96821 9.9657 9.96323 9.96078 9.95838 9.95602 9.9537 9.95143 9.9492 9.94702 9.94489 9.94282 9.9408 9.93884 9.93693 9.93509 9.93331 9.9316 9.92995 9.92837 9.92686 9.92542 9.92405 9.92276 9.92154 9.9204 9.91933 9.91834 9.91743 9.9166 9.91585 9.91518 9.9146 9.91409 9.91367 9.91334 9.91309 9.91292 9.91283 9.91283 9.91292 9.91309 9.91334 9.91367 9.91409 9.9146 9.91518 9.91585 9.9166 9.91743 9.91834 9.91933 9.9204 9.92154 9.92276 9.92405 9.92542 9.92686 9.92837 9.92995 9.9316 9.93331 9.93509 9.93693 9.93884 9.9408 9.94282 9.94489 9.94702 9.9492 9.95143 9.9537 9.95602 9.95838 9.96078 9.96323 9.9657 9.96821 9.97075 9.97332 9.97591 9.97853 9.98117 9.98382 9.9865 9.98918 9.99188 9.99458 9.99729 10
10 9.9972 9.9944 9.99161 9.98882 9.98605 9.98329 9.98054 9.97782 9.97511 9.97243 9.96978 9.96716 9.96456 9.96201 9.95949 9.957 9.95456 9.95217 9.94982 9.94751 9.94526 9.94307 9.94092 9.93884 9.93681 9.93484 9.93294 9.93111 9.92933 9.92763 9.926 9.92444 9.92295 9.92154 9.9202 9.91894 9.91776 9.91666 9.91563 9.91469 9.91384 9.91306 9.91237 9.91177 9.91125 9.91081 9.91047 9.91021 9.91003 9.90994 9.90994 9.91003 9.91021 9.91047 9.91081 9.91125 9.91177 9.91237 9.91306 9.91384 9.91469 9.91563 9.91666 9.91776 9.91894 9.9202 9.92154 9.92295 9.92444 9.926 9.92763 9.92933 9.93111 9.93294 9.93484 9.93681 9.93884 9.94092 9.94307 9.94526 9.94751 9.94982 9.95217 9.95456 9.957 9.95949 9.96201 9.96456 9.96716 9.96978 9.97243 9.97511 9.97782 9.98054 9.98329 9.98605 9.98882 9.99161 9.9944 9.9972 10
10 9.99711 9.99423 9.99135 9.98848 9.98561 9.98277 9.97994 9.97713 9.97434 9.97158 9.96884 9.96614 9.96346 9.96082 9.95823 9.95567 9.95315 9.95068 9.94826 9.94588 9.94356 9.94129 9.93909 9.93693 9.93484 9.93282 9.93086 9.92896 9.92714 9.92538 9.9237 9.92209 9.92055 9.9191 9.91772 9.91642 9.9152 9.91406 9.91301 9.91204 9.91116 9.91036 9.90965 9.90902 9.90849 9.90804 9.90768 9.90741 9.90723 9.90714 9.90714 9.90723 9.90741 9.90768 9.90804 9.90849 9.90902 9.90965 9.91036 9.91116 9.91204 9.91301 9.91406 9.9152 9.91642 9.91772 9.9191 9.92055 9.92209 9.9237 9.92538 9.92714 9.92896 9.93086 9.93282 9.93484 9.93693 9.93909 9.94129 9.94356 9.94588 9.94826 9.95068 9.95315 9.95567 9.95823 9.96082 9.96346 9.96614 9.96884 9.97158 9.97434 9.97713 9.97994 9.98277 9.98561 9.98848 9.99135 9.99423 9.99711 10
10 9.99703 9.99406 9.99109 9.98814 9.98519 9.98227 9.97935 9.97646 9.97359 9.97075 9.96793 9.96515 9.9624 9.95968 9.95701 9.95437 9.95178 9.94924 9.94674 9.9443 9.94191 9.93958 9.93731 9.93509 9.93294 9.93086 9.92884 9.92689 9.92501 9.9232 9.92147 9.91981 9.91823 9.91673 9.91532 9.91398 9.91272 9.91155 9.91047 9.90947 9.90856 9.90774 9.90701 9.90637 9.90582 9.90536 9.90499 9.90471 9.90452 9.90443 9.90443 9.90452 9.90471 9.90499 9.90536 9.90582 9.90637 9.90701 9.90774 9.90856 9.90947 9.91047 9.91155 9.91272 9.91398 9.91532 9.91673 9.91823 9.91981 9.92147 9.9232 9.92501 9.92689 9.92884 9.93086 9.93294 9.93509 9.93731 9.93958 9.94191 9.9443 9.94674 9.94924 9.95178 9.95437 9.95701 9.95968 9.9624 9.96515 9.96793 9.97075 9.97359 9.97646 9.97935 9.98227 9.98519 9.98814 9.99109 9.99406 9.99703 10
10 9.99695 9.9939 9.99085 9.98781 9.98479 9.98178 9.97879 9.97582 9.97287 9.96995 9.96705 9.96419 9.96137 9.95858 9.95583 9.95312 9.95046 9.94785 9.94529 9.94278 9.94032 9.93793 9.93559 9.93331 9.93111 9.92896 9.92689 9.92488 9.92295 9.9211 9.91932 9.91762 9.91599 9.91445 9.91299 9.91162 9.91033 9.90913 9.90802 9.90699 9.90606 9.90521 9.90446 9.9038 9.90323 9.90276 9.90238 9.9021 9.90191 9.90181 9.90181 9.90191 9.9021 9.90238 9.90276 9.90323 9.9038 9.90446 9.90521 9.90606 9.90699 9.90802 9.90913 9.91033 9.91162 9.91299 9.91445 9.91599 9.91762 9.91932 9.9211 9.92295 9.92488 9.92689 9.92896 9.93111 9.93331 9.93559 9.93793 9.94032 9.94278 9.94529 9.94785 9.95046 9.95312 9.95583 9.95858 9.96137 9.96419 9.96705 9.96995 9.97287 9.97582 9.97879 9.98178 9.98479 9.98781 9.99085 9.9939 9.99695 10
10 9.99687 9.99374 9.99061 9.9875 9.9844 9.98131 9.97824 9.97519 9.97217 9.96917 9.96621 9.96327 9.96037 9.95751 9.95469 9.95192 9.94919 9.94651 9.94388 9.9413 9.93879 9.93633 9.93393 9.9316 9.92933 9.92714 9.92501 9.92295 9.92097 9.91907 9.91724 9.9155 9.91383 9.91225 9.91076 9.90935 9.90803 9.9068 9.90565 9.9046 9.90364 9.90278 9.90201 9.90133 9.90075 9.90026 9.89987 9.89958 9.89939 9.89929 9.89929 9.89939 9.89958 9.89987 9.90026 9.90075 9.90133 9.90201 9.90278 9.90364 9.9046 9.90565 9.9068 9.90803 9.90935 9.91076 9.91225 9.91383 9.9155 9.91724 9.91907 9.92097 9.92295 9.92501 9.92714 9.92933 9.9316 9.93393 9.93633 9.93879 9.9413 9.94388 9.94651 9.94919 9.95192 9.95469 9.95751 9.96037 9.96327 9.96621 9.96917 9.97217 9.97519 9.97824 9.98131 9.9844 9.9875 9.99061 9.99374 9.99687 10
10 9.99679 9.99359 9.99039 9.9872 9.98402 9.98086 9.97772 9.9746 9.9715 9.96843 9.96539 9.96239 9.95942 9.95649 9.9536 9.95076 9.94796 9.94522 9.94253 9.93989 9.93731 9.9348 9.93234 9.92995 9.92763 9.92538 9.9232 9.9211 9.91907 9.91712 9.91525 9.91346 9.91176 9.91014 9.90861 9.90717 9.90581 9.90455 9.90338 9.9023 9.90132 9.90043 9.89964 9.89895 9.89836 9.89786 9.89746 9.89716 9.89696 9.89686 9.89686 9.89696 9.89716 9.89746 9.89786 9.89836 9.89895 9.89964 9.90043 9.90132 9.9023 9.90338 9.90455 9.90581 9.90717 9.90861 9.91014 9.91176 9.91346 9.91525 9.91712 9.91907 9.9211 9.9232 9.92538 9.92763 9.92995 9.93234 9.9348 9.93731 9.93989 9.94253 9.94522 9.94796 9.95076 9.9536 9.95649 9.95942 9.96239 9.96539 9.96843 9.9715 9.9746 9.97772 9.98086 9.98402 9.9872 9.99039 9.99359 9.99679 10
10 9.99672 9.99344 9.99017 9.98691 9.98366 9.98043 9.97722 9.97402 9.97086 9.96772 9.96461 9.96154 9.9585 9.95551 9.95255 9.94965 9.94679 9.94398 9.94123 9.93853 9.9359 9.93332 9.93082 9.92837 9.926 9.9237 9.92147 9.91932 9.91724 9.91525 9.91334 9.91151 9.90977 9.90811 9.90655 9.90507 9.90369 9.9024 9.9012 9.9001 9.8991 9.89819 9.89738 9.89667 9.89606 9.89556 9.89515 9.89484 9.89464 9.89454 9.89454 9.89464 9.89484 9.89515 9.89556 9.89606 9.89667 9.89738 9.89819 9.8991 9.9001 9.9012 9.9024 9.90369 9.90507 9.90655 9.90811 9.90977 9.91151 9.91334 9.91525 9.91724 9.91932 9.92147 9.9237 9.926 9.92837 9.93082 9.93332 9.9359 9.93853 9.94123 9.94398 9.94679 9.94965 9.95255 9.95551 9.9585 9.96154 9.96461 9.96772 9.97086 9.97402 9.97722 9.98043 9.98366 9.98691 9.99017 9.99344 9.99672 10
10 9.99665 9.9933 9.98996 9.98663 9.98332 9.98002 9.97673 9.97348 9.97024 9.96704 9.96386 9.96073 9.95763 9.95457 9.95155 9.94858 9.94567 9.9428 9.93999 9.93724 9.93455 9.93192 9.92936 9.92686 9.92444 9.92209 9.91981 9.91762 9.9155 9.91346 9.91151 9.90964 9.90786 9.90617 9.90458 9.90307 9.90166 9.90034 9.89912 9.89799 9.89697 9.89604 9.89522 9.89449 9.89387 9.89335 9.89294 9.89262 9.89242 9.89231 9.89231 9.89242 9.89262 9.89294 9.89335 9.89387 9.89449 9.89522 9.89604 9.89697 9.89799 9.89912 9.90034 9.90166 9.90307 9.90458 9.90617 9.90786 9.90964 9.91151 9.91346 9.9155 9.91762 9.91981 9.92209 9.92444 9.92686 9.92936 9.93192 9.93455 9.93724 9.93999 9.9428 9.94567 9.94858 9.95155 9.95457 9.95763 9.96073 9.96386 9.96704 9.97024 9.97348 9.97673 9.98002 9.98332 9.98663 9.98996 9.9933 9.99665 10
10 9.99658 9.99317 9.98977 9.98637 9.98299 9.97962 9.97628 9.97295 9.96966 9.96639 9.96315 9.95995 9.95679 9.95367 9.9506 9.94757 9.9446 9.94167 9.93881 9.936 9.93326 9.93058 9.92796 9.92542 9.92295 9.92055 9.91823 9.91599 9.91383 9.91176 9.90977 9.90786 9.90605 9.90433 9.9027 9.90116 9.89972 9.89838 9.89713 9.89598 9.89494 9.89399 9.89315 9.89242 9.89178 9.89125 9.89083 9.89051 9.8903 9.89019 9.89019 9.8903 9.89051 9.89083 9.89125 9.89178 9.89242 9.89315 9.89399 9.89494 9.89598 9.89713 9.89838 9.89972 9.90116 9.9027 9.90433 9.90605 9.90786 9.90977 9.91176 9.91383 9.91599 9.91823 9.92055 9.92295 9.92542 9.92796 9.93058 9.93326 9.936 9.93881 9.94167 9.9446 9.94757 9.9506 9.95367 9.95679 9.95995 9.96315 9.96639 9.96966 9.97295 9.97628 9.97962 9.98299 9.98637 9.98977 9.99317 9.99658 10
10 9.99652 9.99305 9.98958 9.98612 9.98268 9.97925 9.97584 9.97246 9.9691 9.96577 9.96248 9.95922 9.956 9.95282 9.94969 9.94661 9.94358 9.9406 9.93769 9.93483 9.93203 9.9293 9.92664 9.92405 9.92154 9.9191 9.91673 9.91445 9.91225 9.91014 9.90811 9.90617 9.90433 9.90257 9.90091 9.89935 9.89788 9.89651 9.89524 9.89408 9.89301 9.89205 9.89119 9.89044 9.8898 9.88926 9.88883 9.8885 9.88829 9.88818 9.88818 9.88829 9.8885 9.88883 9.88926 9.8898 9.89044 9.89119 9.89205 9.89301 9.89408 9.89524 9.89651 9.89788 9.89935 9.90091 9.90257 9.90433 9.90617 9.90811 9.91014 9.91225 9.91445 9.91673 9.9191 9.92154 9.92405 9.92664 9.9293 9.93203 9.93483 9.93769 9.9406 9.94358 9.94661 9.94969 9.95282 9.956 9.95922 9.96248 9.96577 9.9691 9.97246 9.97584 9.97925 9.98268 9.98612 9.98958 9.99305 9.99652 10
10 9.99646 9.99293 9.9894 9.98588 9.98238 9.9789 9.97543 9.97199 9.96857 9.96519 9.96184 9.95852 9.95525 9.95202 9.94884 9.9457 9.94262 9.93959 9.93662 9.93372 9.93088 9.9281 9.92539 9.92276 9.9202 9.91772 9.91532 9.91299 9.91076 9.90861 9.90655 9.90458 9.9027 9.90091 9.89922 9.89763 9.89614 9.89475 9.89346 9.89227 9.89119 9.89021 9.88934 9.88857 9.88792 9.88737 9.88693 9.8866 9.88638 9.88627 9.88627 9.88638 9.8866 9.88693 9.88737 9.88792 9.88857 9.88934 9.89021 9.89119 9.89227 9.89346 9.89475 9.89614 9.89763 9.89922 9.90091 9.9027 9.90458 9.90655 9.90861 9.91076 9.91299 9.91532 9.91772 9.9202 9.92276 9.92539 9.9281 9.93088 9.93372 9.93662 9.93959 9.94262 9.9457 9.94884 9.95202 9.95525 9.95852 9.96184 9.96519 9.96857 9.97199 9.97543 9.9789 9.98238 9.98588 9.9894 9.99293 9.99646 10
10 9.99641 9.99282 9.98923 9.98566 9.9821 9.97856 9.97504 9.97155 9.96808 9.96464 9.96123 9.95787 9.95454 9.95126 9.94803 9.94484 9.94171 9.93864 9.93562 9.93267 9.92978 9.92696 9.92422 9.92154 9.91894 9.91642 9.91398 9.91162 9.90935 9.90717 9.90507 9.90307 9.90116 9.89935 9.89763 9.89602 9.8945 9.89309 9.89177 9.89057 9.88947 9.88848 9.88759 9.88682 9.88615 9.88559 9.88515 9.88481 9.88459 9.88448 9.88448 9.88459 9.88481 9.88515 9.88559 9.88615 9.88682 9.88759 9.88848 9.88947 9.89057 9.89177 9.89309 9.8945 9.89602 9.89763 9.89935 9.90116 9.90307 9.90507 9.90717 9.90935 9.91162 9.91398 9.91642 9.91894 9.92154 9.92422 9.92696 9.92978 9.93267 9.93562 9.93864 9.94171 9.94484 9.94803 9.95126 9.95454 9.95787 9.96123 9.96464 9.96808 9.97155 9.97504 9.97856 9.9821 9.98566 9.98923 9.99282 9.99641 10
10 9.99635 9.99271 9.98908 9.98545 9.98184 9.97825 9.97468 9.97113 9.96761 9.96412 9.96067 9.95725 9.95388 9.95055 9.94727 9.94404 9.94086 9.93774 9.93469 9.93169 9.92876 9.9259 9.92311 9.9204 9.91776 9.9152 9.91272 9.91033 9.90803 9.90581 9.90369 9.90166 9.89972 9.89788 9.89614 9.8945 9.89296 9.89153 9.8902 9.88897 9.88786 9.88685 9.88595 9.88516 9.88449 9.88392 9.88347 9.88313 9.8829 9.88279 9.88279 9.8829 9.88313 9.88347 9.88392 9.88449 9.88516 9.88595 9.88685 9.88786 9.88897 9.8902 9.89153 9.89296 9.8945 9.89614 9.89788 9.89972 9.90166 9.90369 9.90581 9.90803 9.91033 9.91272 9.9152 9.91776 9.9204 9.92311 9.9259 9.92876 9.93169 9.93469 9.93774 9.94086 9.94404 9.94727 9.95055 9.95388 9.95725 9.96067 9.96412 9.96761 9.97113 9.97468 9.97825 9.98184 9.98545 9.98908 9.99271 9.99635 10
10 9.99631 9.99261 9.98893 9.98526 9.9816 9.97796 9.97434 9.97074 9.96718 9.96364 9.96014 9.95668 9.95326 9.94989 9.94656 9.94329 9.94007 9.93691 9.93381 9.93077 9.92781 9.92491 9.92208 9.91933 9.91666 9.91406 9.91155 9.90913 9.9068 9.90455 9.9024 9.90034 9.89838 9.89651 9.89475 9.89309 9.89153 9.89007 9.88873 9.88749 9.88636 9.88533 9.88442 9.88363 9.88294 9.88237 9.88191 9.88157 9.88134 9.88122 9.88122 9.88134 9.88157 9.88191 9.88237 9.88294 9.88363 9.88442 9.88533 9.88636 9.88749 9.88873 9.89007 9.89153 9.89309 9.89475 9.89651 9.89838 9.90034 9.9024 9.90455 9.9068 9.90913 9.91155 9.91406 9.91666 9.91933 9.92208 9.92491 9.92781 9.93077 9.93381 9.93691 9.94007 9.94329 9.94656 9.94989 9.95326 9.95668 9.96014 9.96364 9.96718 9.97074 9.97434 9.97796 9.9816 9.98526 9.98893 9.99261 9.99631 10
10 9.99626 9.99252 9.9888 9.98508 9.98137 9.97769 9.97402 9.97039 9.96677 9.9632 9.95965 9.95615 9.95269 9.94927 9.94591 9.94259 9.93934 9.93614 9.933 9.92993 9.92692 9.92399 9.92112 9.91834 9.91563 9.91301 9.91047 9.90802 9.90565 9.90338 9.9012 9.89912 9.89713 9.89524 9.89346 9.89177 9.8902 9.88873 9.88736 9.88611 9.88496 9.88393 9.88301 9.8822 9.88151 9.88093 9.88046 9.88011 9.87988 9.87976 9.87976 9.87988 9.88011 9.88046 9.88093 9.88151 9.8822 9.88301 9.88393 9.88496 9.88611 9.88736 9.88873 9.8902 9.89177 9.89346 9.89524 9.89713 9.89912 9.9012 9.90338 9.90565 9.90802 9.91047 9.91301 9.91563 9.91834 9.92112 9.92399 9.92692 9.92993 9.933 9.93614 9.93934 9.94259 9.94591 9.94927 9.95269 9.95615 9.95965 9.9632 9.96677 9.97039 9.97402 9.97769 9.98137 9.98508 9.9888 9.99252 9.99626 10
10 9.99622 9.99244 9.98867 9.98491 9.98117 9.97744 9.97373 9.97006 9.9664 9.96279 9.9592 9.95566 9.95216 9.94871 9.94531 9.94195 9.93866 9.93542 9.93225 9.92914 9.92611 9.92314 9.92025 9.91743 9.91469 9.91204 9.90947 9.90699 9.9046 9.9023 9.9001 9.89799 9.89598 9.89408 9.89227 9.89057 9.88897 9.88749 9.88611 9.88484 9.88368 9.88264 9.8817 9.88089 9.88019 9.8796 9.87913 9.87878 9.87854 9.87843 9.87843 9.87854 9.87878 9.87913 9.8796 9.88019 9.88089 9.8817 9.88264 9.88368 9.88484 9.88611 9.88749 9.88897 9.89057 9.89227 9.89408 9.89598 9.89799 9.9001 9.9023 9.9046 9.90699 9.90947 9.91204 9.91469 9.91743 9.92025 9.92314 9.92611 9.92914 9.93225 9.93542 9.93866 9.94195 9.94531 9.94871 9.95216 9.95566 9.9592 9.96279 9.9664 9.97006 9.97373 9.97744 9.98117 9.98491 9.98867 9.99244 9.99622 10
10 9.99618 9.99236 9.98856 9.98476 9.98098 9.97721 9.97347 9.96975 9.96607 9.96241 9.95879 9.95522 9.95168 9.94819 9.94476 9.94137 9.93804 9.93478 9.93157 9.92843 9.92536 9.92237 9.91944 9.9166 9.91384 9.91116 9.90856 9.90606 9.90364 9.90132 9.8991 9.89697 9.89494 9.89301 9.89119 9.88947 9.88786 9.88636 9.88496 9.88368 9.88251 9.88146 9.88052 9.87969 9.87898 9.87839 9.87792 9.87756 9.87732 9.8772 9.8772 9.87732 9.87756 9.87792 9.87839 9.87898 9.87969 9.88052 9.88146 9.88251 9.88368 9.88496 9.88636 9.88786 9.88947 9.89119 9.89301 9.89494 9.89697 9.8991 9.90132 9.90364 9.90606 9.90856 9.91116 9.91384 9.9166 9.91944 9.92237 9.92536 9.92843 9.93157 9.93478 9.93804 9.94137 9.94476 9.94819 9.95168 9.95522 9.95879 9.96241 9.96607 9.96975 9.97347 9.97721 9.98098 9.98476 9.98856 9.99236 9.99618 10
10 9.99615 9.9923 9.98845 9.98462 9.98081 9.97701 9.97323 9.96948 9.96576 9.96207 9.95842 9.95481 9.95125 9.94773 9.94426 9.94084 9.93749 9.93419 9.93096 9.92779 9.92469 9.92167 9.91872 9.91585 9.91306 9.91036 9.90774 9.90521 9.90278 9.90043 9.89819 9.89604 9.89399 9.89205 9.89021 9.88848 9.88685 9.88533 9.88393 9.88264 9.88146 9.88039 9.87944 9.87861 9.87789 9.8773 9.87682 9.87646 9.87622 9.8761 9.8761 9.87622 9.87646 9.87682 9.8773 9.87789 9.87861 9.87944 9.88039 9.88146 9.88264 9.88393 9.88533 9.88685 9.88848 9.89021 9.89205 9.89399 9.89604 9.89819 9.90043 9.90278 9.90521 9.90774 9.91036 9.91306 9.91585 9.91872 9.92167 9.92469 9.92779 9.93096 9.93419 9.93749 9.94084 9.94426 9.94773 9.95125 9.95481 9.95842 9.96207 9.96576 9.96948 9.97323 9.97701 9.98081 9.98462 9.98845 9.9923 9.99615 10
10 9.99612 9.99224 9.98836 9.9845 9.98065 9.97683 9.97302 9.96924 9.96549 9.96177 9.95809 9.95446 9.95086 9.94731 9.94382 9.94038 9.93699 9.93367 9.93041 9.92722 9.9241 9.92105 9.91808 9.91518 9.91237 9.90965 9.90701 9.90446 9.90201 9.89964 9.89738 9.89522 9.89315 9.89119 9.88934 9.88759 9.88595 9.88442 9.88301 9.8817 9.88052 9.87944 9.87849 9.87765 9.87693 9.87632 9.87584 9.87548 9.87524 9.87512 9.87512 9.87524 9.87548 9.87584 9.87632 9.87693 9.87765 9.87849 9.87944 9.88052 9.8817 9.88301 9.88442 9.88595 9.88759 9.88934 9.89119 9.89315 9.89522 9.89738 9.89964 9.90201 9.90446 9.90701 9.90965 9.91237 9.91518 9.91808 9.92105 9.9241 9.92722 9.93041 9.93367 9.93699 9.94038 9.94382 9.94731 9.95086 9.95446 9.95809 9.96177 9.96549 9.96924 9.97302 9.97683 9.98065 9.9845 9.98836 9.99224 9.99612 10
10 9.99609 9.99218 9.98828 9.98439 9.98052 9.97667 9.97283 9.96903 9.96525 9.96151 9.95781 9.95414 9.95052 9.94695 9.94343 9.93996 9.93656 9.93321 9.92993 9.92671 9.92357 9.9205 9.91751 9.9146 9.91177 9.90902 9.90637 9.9038 9.90133 9.89895 9.89667 9.89449 9.89242 9.89044 9.88857 9.88682 9.88516 9.88363 9.8822 9.88089 9.87969 9.87861 9.87765 9.8768 9.87608 9.87547 9.87498 9.87462 9.87438 9.87425 9.87425 9.87438 9.87462 9.87498 9.87547 9.87608 9.8768 9.87765 9.87861 9.87969 9.88089 9.8822 9.88363 9.88516 9.88682 9.88857 9.89044 9.89242 9.89449 9.89667 9.89895 9.90133 9.9038 9.90637 9.90902 9.91177 9.9146 9.91751 9.9205 9.92357 9.92671 9.92993 9.93321 9.93656 9.93996 9.94343 9.94695 9.95052 9.95414 9.95781 9.96151 9.96525 9.96903 9.97283 9.97667 9.98052 9.98439 9.98828 9.99218 9.99609 10
10 9.99607 9.99214 9.98821 9.9843 9.98041 9.97653 9.97267 9.96885 9.96505 9.96128 9.95756 9.95387 9.95023 9.94664 9.9431 9.93961 9.93618 9.93282 9.92952 9.92628 9.92312 9.92003 9.91702 9.91409 9.91125 9.90849 9.90582 9.90323 9.90075 9.89836 9.89606 9.89387 9.89178 9.8898 9.88792 9.88615 9.88449 9.88294 9.88151 9.88019 9.87898 9.87789 9.87693 9.87608 9.87535 9.87474 9.87425 9.87388 9.87364 9.87351 9.87351 9.87364 9.87388 9.87425 9.87474 9.87535 9.87608 9.87693 9.87789 9.87898 9.88019 9.88151 9.88294 9.88449 9.88615 9.88792 9.8898 9.89178 9.89387 9.89606 9.89836 9.90075 9.90323 9.90582 9.90849 9.91125 9.91409 9.91702 9.92003 9.92312 9.92628 9.92952 9.93282 9.93618 9.93961 9.9431 9.94664 9.95023 9.95387 9.95756 9.96128 9.96505 9.96885 9.97267 9.97653 9.98041 9.9843 9.98821 9.99214 9.99607 10
10 9.99605 9.9921 9.98816 9.98422 9.98031 9.97641 9.97254 9.96869 9.96488 9.96109 9.95735 9.95365 9.94999 9.94638 9.94282 9.93931 9.93587 9.93249 9.92917 9.92592 9.92274 9.91964 9.91662 9.91367 9.91081 9.90804 9.90536 9.90276 9.90026 9.89786 9.89556 9.89335 9.89125 9.88926 9.88737 9.88559 9.88392 9.88237 9.88093 9.8796 9.87839 9.8773 9.87632 9.87547 9.87474 9.87412 9.87363 9.87326 9.87302 9.8729 9.8729 9.87302 9.87326 9.87363 9.87412 9.87474 9.87547 9.87632 9.8773 9.87839 9.8796 9.88093 9.88237 9.88392 9.88559 9.88737 9.88926 9.89125 9.89335 9.89556 9.89786 9.90026 9.90276 9.90536 9.90804 9.91081 9.91367 9.91662 9.91964 9.92274 9.92592 9.92917 9.93249 9.93587 9.93931 9.94282 9.94638 9.94999 9.95365 9.95735 9.96109 9.96488 9.96869 9.97254 9.97641 9.98031 9.98422 9.98816 9.9921 9.99605 10
10 9.99603 9.99207 9.98811 9.98416 9.98023 9.97632 9.97243 9.96857 9.96474 9.96094 9.95718 9.95346 9.94979 9.94617 9.94259 9.93908 9.93562 9.93222 9.92889 9.92563 9.92244 9.91933 9.91629 9.91334 9.91047 9.90768 9.90499 9.90238 9.89987 9.89746 9.89515 9.89294 9.89083 9.88883 9.88693 9.88515 9.88347 9.88191 9.88046 9.87913 9.87792 9.87682 9.87584 9.87498 9.87425 9.87363 9.87314 9.87277 9.87252 9.8724 9.8724 9.87252 9.87277 9.87314 9.87363 9.87425 9.87498 9.87584 9.87682 9.87792 9.87913 9.88046 9.88191 9.88347 9.88515 9.88693 9.88883 9.89083 9.89294 9.89515 9.89746 9.89987 9.90238 9.90499 9.90768 9.91047 9.91334 9.91629 9.91933 9.92244 9.92563 9.92889 9.93222 9.93562 9.93908 9.94259 9.94617 9.94979 9.95346 9.95718 9.96094 9.96474 9.96857 9.97243 9.97632 9.98023 9.98416 9.98811 9.99207 9.99603 10
10 9.99602 9.99204 9.98807 9.98412 9.98017 9.97625 9.97235 9.96848 9.96464 9.96083 9.95706 9.95333 9.94965 9.94601 9.94243 9.9389 9.93543 9.93203 9.92869 9.92542 9.92222 9.91909 9.91605 9.91309 9.91021 9.90741 9.90471 9.9021 9.89958 9.89716 9.89484 9.89262 9.89051 9.8885 9.8866 9.88481 9.88313 9.88157 9.88011 9.87878 9.87756 9.87646 9.87548 9.87462 9.87388 9.87326 9.87277 9.8724 9.87215 9.87203 9.87203 9.87215 9.8724 9.87277 9.87326 9.87388 9.87462 9.87548 9.87646 9.87756 9.87878 9.88011 9.88157 9.88313 9.88481 9.8866 9.8885 9.89051 9.89262 9.89484 9.89716 9.89958 9.9021 9.90471 9.90741 9.91021 9.91309 9.91605 9.91909 9.92222 9.92542 9.92869 9.93203 9.93543 9.9389 9.94243 9.94601 9.94965 9.95333 9.95706 9.96083 9.96464 9.96848 9.97235 9.97625 9.98017 9.98412 9.98807 9.99204 9.99602 10
10 9.99601 9.99203 9.98805 9.98409 9.98014 9.97621 9.9723 9.96842 9.96457 9.96075 9.95697 9.95324 9.94955 9.94591 9.94232 9.93878 9.93531 9.9319 9.92855 9.92527 9.92207 9.91894 9.91589 9.91292 9.91003 9.90723 9.90452 9.90191 9.89939 9.89696 9.89464 9.89242 9.8903 9.88829 9.88638 9.88459 9.8829 9.88134 9.87988 9.87854 9.87732 9.87622 9.87524 9.87438 9.87364 9.87302 9.87252 9.87215 9.8719 9.87178 9.87178 9.8719 9.87215 9.87252 9.87302 9.87364 9.87438 9.87524 9.87622 9.87732 9.87854 9.87988 9.88134 9.8829 9.88459 9.88638 9.88829 9.8903 9.89242 9.89464 9.89696 9.89939 9.90191 9.90452 9.90723 9.91003 9.91292 9.91589 9.91894 9.92207 9.92527 9.92855 9.9319 9.93531 9.93878 9.94232 9.94591 9.94955 9.95324 9.95697 9.96075 9.96457 9.96842 9.9723 9.97621 9.98014 9.98409 9.98805 9.99203 9.99601 10
